x-axis,1,2
second,Volt,Volt
-500.0000E-09,+144.0596697284E-03,+4.8225891987E-03
-499.5000E-09,+143.9654486239E-03,-4.8350740144E-03
-499.0000E-09,+143.6827853104E-03,-14.4142196405E-03
-498.5000E-09,+142.6777601955E-03,-24.1504004407E-03
-498.0000E-09,+141.5785139761E-03,-34.3576867635E-03
-497.5000E-09,+140.4792677567E-03,-43.6227620412E-03
-497.0000E-09,+138.6262527012E-03,-54.3796714737E-03
-496.5000E-09,+136.1765039837E-03,-62.6240181191E-03
-496.0000E-09,+134.1664537540E-03,-73.1453747903E-03
-495.5000E-09,+131.9993683501E-03,-82.0178621325E-03
-495.0000E-09,+129.1099211448E-03,-91.5184901714E-03
-494.5000E-09,+126.3146950441E-03,-101.0976357975E-03
-494.0000E-09,+122.9227352815E-03,-109.6560527913E-03
-493.5000E-09,+119.7192177278E-03,-118.4500225463E-03
-493.0000E-09,+115.8247454077E-03,-127.6365802369E-03
-492.5000E-09,+112.0559012270E-03,-136.0379620564E-03
-492.0000E-09,+107.7217304191E-03,-144.6748966373E-03
-491.5000E-09,+104.0785143778E-03,-152.2911025859E-03
-491.0000E-09,+99.1790169428E-03,-161.1635899280E-03
-490.5000E-09,+94.1538913685E-03,-167.9946200056E-03
-490.0000E-09,+89.5998713167E-03,-176.2389666510E-03
-489.5000E-09,+84.5119316727E-03,-182.3633384447E-03
-489.0000E-09,+79.1099216803E-03,-189.5869564578E-03
-488.5000E-09,+73.8649468622E-03,-195.9468810128E-03
-488.0000E-09,+68.4943439046E-03,-201.6001472839E-03
-487.5000E-09,+62.7468565290E-03,-206.9393432066E-03
-487.0000E-09,+57.1249972927E-03,-212.1215039551E-03
-486.5000E-09,+51.4089169519E-03,-217.5392174650E-03
-486.0000E-09,+45.3159521930E-03,-223.4280364974E-03
-485.5000E-09,+39.3800226084E-03,-227.2753982652E-03
-485.0000E-09,+33.1614297101E-03,-230.6516545104E-03
-484.5000E-09,+27.1626860558E-03,-234.1849459299E-03
-484.0000E-09,+21.0697212969E-03,-236.8545438912E-03
-483.5000E-09,+14.8511283987E-03,-239.3671066784E-03
-483.0000E-09,+8.5069073611E-03,-241.1730111817E-03
-482.5000E-09,+1.9428370797E-03,-244.2351970785E-03
-482.0000E-09,-3.7732432611E-03,-246.9047950399E-03
-481.5000E-09,-10.5571627864E-03,-248.2395940206E-03
-481.0000E-09,-16.8071627195E-03,-248.7892171303E-03
-480.5000E-09,-22.8687204435E-03,-249.1032874786E-03
-480.0000E-09,-29.2443485159E-03,-249.1818050657E-03
-479.5000E-09,-35.4629414142E-03,-248.4751467819E-03
-479.0000E-09,-41.6501272776E-03,-247.7684884980E-03
-478.5000E-09,-47.5546498274E-03,-247.1403478012E-03
-478.0000E-09,-53.6162075514E-03,-245.4914784721E-03
-477.5000E-09,-59.5521371361E-03,-243.6855739688E-03
-477.0000E-09,-65.6451018949E-03,-241.0159760075E-03
-476.5000E-09,-71.4868103751E-03,-238.6604483945E-03
-476.0000E-09,-76.9516344372E-03,-237.0115790654E-03
-475.5000E-09,-82.3850514644E-03,-233.5568052331E-03
-475.0000E-09,-88.0383177355E-03,-230.3375841620E-03
-474.5000E-09,-93.0006292401E-03,-226.7257751555E-03
-474.0000E-09,-97.8687196403E-03,-222.0147199296E-03
-473.5000E-09,-102.8310311449E-03,-217.5392174649E-03
-473.0000E-09,-107.3536441618E-03,-211.8074336067E-03
-472.5000E-09,-111.8448501438E-03,-207.3319311421E-03
-472.0000E-09,-116.3674631607E-03,-201.3645945226E-03
-471.5000E-09,-120.1363073415E-03,-194.5335644450E-03
-471.0000E-09,-124.1564078009E-03,-188.0166047158E-03
-470.5000E-09,-127.7054027378E-03,-181.3426098124E-03
-470.0000E-09,-130.9089202914E-03,-173.7264038638E-03
-469.5000E-09,-134.2066589496E-03,-166.5027858507E-03
-469.0000E-09,-137.1275131896E-03,-158.4939919667E-03
-468.5000E-09,-140.0483674297E-03,-149.6215046245E-03
-468.0000E-09,-142.3410809730E-03,-141.2201228049E-03
-467.5000E-09,-144.5395734118E-03,-132.5046706370E-03
-467.0000E-09,-146.3297743976E-03,-123.4751481206E-03
-466.5000E-09,-147.8059050351E-03,-114.6811783655E-03
-466.0000E-09,-149.5018849164E-03,-105.1020327395E-03
-465.5000E-09,-150.7267592751E-03,-95.1302991780E-03
-465.0000E-09,-151.6689703203E-03,-86.8859525326E-03
-464.5000E-09,-152.4855532261E-03,-75.7364551646E-03
-464.0000E-09,-152.8310306094E-03,-66.7854502353E-03
-463.5000E-09,-152.7368095049E-03,-55.7929880415E-03
-463.0000E-09,-152.4541461913E-03,-46.7634655251E-03
-462.5000E-09,-151.6689703203E-03,-35.8495209184E-03
-462.0000E-09,-151.1350507280E-03,-25.8777873569E-03
-461.5000E-09,-150.0358045087E-03,-16.5341944921E-03
-461.0000E-09,-148.7167090454E-03,-5.3061795370E-03
-460.5000E-09,-146.8636939899E-03,+3.1737198697E-03
-460.0000E-09,-145.2305281782E-03,+14.5587699990E-03
-459.5000E-09,-143.0634427743E-03,+23.2742221670E-03
-459.0000E-09,-140.8649503355E-03,+33.1674381414E-03
-458.5000E-09,-138.4466086529E-03,+43.0606541159E-03
-458.0000E-09,-135.7456036567E-03,+52.3257293935E-03
-457.5000E-09,-132.7933423818E-03,+61.0411815615E-03
-457.0000E-09,-129.4641966888E-03,+70.8558799488E-03
-456.5000E-09,-126.0408298913E-03,+79.9639200523E-03
-456.0000E-09,-122.0835435015E-03,+88.6008546331E-03
-455.5000E-09,-118.5973626343E-03,+97.2377892140E-03
-455.0000E-09,-114.1375636871E-03,+106.2673117304E-03
-454.5000E-09,-109.9918350883E-03,+114.8257287241E-03
-454.0000E-09,-105.5320361411E-03,+121.9708291501E-03
-453.5000E-09,-100.7895738803E-03,+130.8433164923E-03
-453.0000E-09,-95.8272623757E-03,+138.2239696795E-03
-452.5000E-09,-91.1790212194E-03,+144.5838942345E-03
-452.0000E-09,-85.4001268090E-03,+151.3364067250E-03
-451.5000E-09,-80.2493730953E-03,+158.2459543897E-03
-451.0000E-09,-75.0043982771E-03,+164.6058789447E-03
-450.5000E-09,-69.2255038666E-03,+170.2591452158E-03
-450.0000E-09,-63.4466094561E-03,+175.9909290740E-03
-449.5000E-09,-57.5420869063E-03,+181.3301249968E-03
-449.0000E-09,-51.7631924958E-03,+185.2560043517E-03
-448.5000E-09,-45.9842980854E-03,+189.4959540550E-03
-448.0000E-09,-39.6400770478E-03,+193.4218334100E-03
-447.5000E-09,-33.4214841496E-03,+197.2691951778E-03
-447.0000E-09,-27.0458560772E-03,+199.9387931392E-03
-446.5000E-09,-21.1727405622E-03,+203.1580142102E-03
-446.0000E-09,-14.9227406291E-03,+205.3565066490E-03
-445.5000E-09,-8.4214844173E-03,+207.2409287393E-03
-445.0000E-09,-2.1086704146E-03,+207.4764815006E-03
-444.5000E-09,+4.1413295185E-03,+208.2616573716E-03
-444.0000E-09,+10.3599224167E-03,+208.8897980684E-03
-443.5000E-09,+16.5157012452E-03,+209.0468332426E-03
-443.0000E-09,+22.6400730389E-03,+208.8112804813E-03
-442.5000E-09,+28.4817815191E-03,+208.4972101329E-03
-442.0000E-09,+34.3863040689E-03,+207.9475870232E-03
-441.5000E-09,+40.0709773749E-03,+206.9268583909E-03
-441.0000E-09,+45.9754999247E-03,+205.6705769974E-03
-440.5000E-09,+51.4403239868E-03,+203.3150493844E-03
-440.0000E-09,+57.1249972927E-03,+201.2735921198E-03
-439.5000E-09,+62.3385650761E-03,+197.4262303520E-03
-439.0000E-09,+67.9290172775E-03,+194.4425620422E-03
-438.5000E-09,+72.8285147125E-03,+190.5952002744E-03
-438.0000E-09,+78.1363036003E-03,+186.6693209195E-03
-437.5000E-09,+83.1928362095E-03,+182.6649239774E-03
-437.0000E-09,+88.4378110277E-03,+178.1109039257E-03
-436.5000E-09,+93.3687154975E-03,+173.0072607643E-03
-436.0000E-09,+98.0797707234E-03,+166.5688186222E-03
-435.5000E-09,+102.7280118797E-03,+160.7585171769E-03
-435.0000E-09,+107.0621826875E-03,+154.8696981445E-03
-434.5000E-09,+111.3335394257E-03,+147.8816328927E-03
-434.0000E-09,+115.1966047109E-03,+141.2076379893E-03
-433.5000E-09,+119.4051473794E-03,+134.3766079117E-03
-433.0000E-09,+122.4516297589E-03,+125.9752260921E-03
-432.5000E-09,+126.2518809745E-03,+117.9664322080E-03
-432.0000E-09,+129.2355492842E-03,+111.0568845434E-03
-431.5000E-09,+131.6538909668E-03,+102.1058796141E-03
-431.0000E-09,+134.5119311372E-03,+94.0970857300E-03
-430.5000E-09,+136.4905743321E-03,+85.6957039105E-03
-430.0000E-09,+138.5634386315E-03,+75.8810055231E-03
-429.5000E-09,+140.0709763038E-03,+67.4796237035E-03
-429.0000E-09,+141.6413280458E-03,+58.6856539485E-03
-428.5000E-09,+142.6777601955E-03,+49.1065083224E-03
-428.0000E-09,+143.2430868226E-03,+40.1555033932E-03
-427.5000E-09,+143.7770064149E-03,+29.7911818961E-03
-427.0000E-09,+144.0282626936E-03,+20.6046242056E-03
-426.5000E-09,+143.9654486239E-03,+10.3188202956E-03
-426.0000E-09,+143.8712275194E-03,+661.1570825E-06
-425.5000E-09,+143.6199712407E-03,-8.4468830210E-03
-425.0000E-09,+143.1488657181E-03,-19.0467572793E-03
-424.5000E-09,+142.3322828123E-03,-28.2333149698E-03
-424.0000E-09,+141.2644436277E-03,-38.9117068153E-03
-423.5000E-09,+139.9453481645E-03,-47.9412293316E-03
-423.0000E-09,+137.8096697954E-03,-58.4625860029E-03
-422.5000E-09,+136.2393180534E-03,-67.7276612805E-03
-422.0000E-09,+133.5697200921E-03,-76.9927365582E-03
-421.5000E-09,+131.2455995139E-03,-87.0429877068E-03
-421.0000E-09,+128.2619312042E-03,-95.6014047006E-03
-420.5000E-09,+125.4352980686E-03,-105.3375855008E-03
-420.0000E-09,+122.2631875498E-03,-114.6026607785E-03
-419.5000E-09,+118.8398207523E-03,-122.8470074238E-03
-419.0000E-09,+114.7569062232E-03,-132.2691178757E-03
-418.5000E-09,+110.5483635547E-03,-139.9638414114E-03
-418.0000E-09,+106.5596701301E-03,-148.7578111664E-03
-417.5000E-09,+101.9742430435E-03,-157.0021578118E-03
-417.0000E-09,+97.4830370615E-03,-164.2257758249E-03
-416.5000E-09,+92.5207255568E-03,-172.1560521219E-03
-416.0000E-09,+87.7468562612E-03,-179.3796701349E-03
-415.5000E-09,+82.5646955127E-03,-185.8966298641E-03
-415.0000E-09,+77.0998714506E-03,-192.0210016578E-03
-414.5000E-09,+71.6978614582E-03,-199.4016548451E-03
-414.0000E-09,+66.4528866400E-03,-203.7986397227E-03
-413.5000E-09,+60.5169570554E-03,-208.7452477099E-03
-413.0000E-09,+54.6752485752E-03,-215.1051722649E-03
-412.5000E-09,+49.4616807919E-03,-219.8162274908E-03
-412.0000E-09,+43.3059019633E-03,-224.5272827167E-03
-411.5000E-09,+37.1187160999E-03,-229.0027851814E-03
-411.0000E-09,+30.8373091320E-03,-232.3790414266E-03
-410.5000E-09,+24.3674599551E-03,-235.7552976719E-03
-410.0000E-09,+18.4943444401E-03,-238.5819308074E-03
-409.5000E-09,+12.2129374722E-03,-241.4085639430E-03
-409.0000E-09,+5.8059023650E-03,-242.9003980978E-03
-408.5000E-09,-758.1679165E-06,-245.0988905366E-03
-408.0000E-09,-6.9453537799E-03,-247.0618302141E-03
-407.5000E-09,-13.2581677826E-03,-248.1610764335E-03
-407.0000E-09,-19.7280169596E-03,-248.4751467819E-03
-406.5000E-09,-26.0094239275E-03,-249.4958754141E-03
-406.0000E-09,-32.1966097908E-03,-248.8677347174E-03
-405.5000E-09,-38.4780167587E-03,-248.0040412593E-03
-405.0000E-09,-44.5081674479E-03,-247.6899709109E-03
-404.5000E-09,-50.8209814507E-03,-246.3551719302E-03
-404.0000E-09,-56.6312828960E-03,-244.2351970785E-03
-403.5000E-09,-62.6300265503E-03,-242.5078101624E-03
-403.0000E-09,-68.6915842743E-03,-240.4663528978E-03
-402.5000E-09,-74.1878153713E-03,-237.6397197622E-03
-402.0000E-09,-79.8096746075E-03,-234.4990162783E-03
-401.5000E-09,-85.4943479135E-03,-231.9864534911E-03
-401.0000E-09,-90.3938453484E-03,-227.7465037878E-03
-400.5000E-09,-95.4503779576E-03,-224.2917299554E-03
-400.0000E-09,-100.4755035319E-03,-219.5806747295E-03
-399.5000E-09,-105.0295235836E-03,-214.7911019165E-03
-399.0000E-09,-109.3951014263E-03,-209.2948708196E-03
-398.5000E-09,-114.1689707219E-03,-204.1127100711E-03
-398.0000E-09,-118.1262571117E-03,-197.4387151677E-03
-397.5000E-09,-121.8636942576E-03,-191.0787906127E-03
-397.0000E-09,-125.9152017519E-03,-184.9544188190E-03
-396.5000E-09,-128.8360559920E-03,-177.1026601091E-03
-396.0000E-09,-132.5734931379E-03,-169.9575596831E-03
-395.5000E-09,-135.4315333083E-03,-162.5769064958E-03
-395.0000E-09,-138.4466086529E-03,-154.0184895021E-03
-394.5000E-09,-140.8963573704E-03,-145.6956252696E-03
-394.0000E-09,-143.5031412620E-03,-137.2942434500E-03
-393.5000E-09,-145.8586688750E-03,-128.0291681724E-03
-393.0000E-09,-147.4290206170E-03,-119.8633391141E-03
-392.5000E-09,-148.8109301499E-03,-110.1271583139E-03
-392.0000E-09,-150.0986185783E-03,-100.5480126878E-03
-391.5000E-09,-151.4177140416E-03,-91.5970077586E-03
-391.0000E-09,-151.9830406687E-03,-80.9971335002E-03
-390.5000E-09,-152.5483672958E-03,-71.6535406355E-03
-390.0000E-09,-152.7682165397E-03,-61.6032894868E-03
-389.5000E-09,-152.5169602610E-03,-51.4745207511E-03
-389.0000E-09,-152.2971110171E-03,-40.7961289057E-03
-388.5000E-09,-151.4805281113E-03,-31.3740184538E-03
-388.0000E-09,-150.6011311358E-03,-21.0882145439E-03
-387.5000E-09,-149.3448497422E-03,-11.0379633952E-03
-387.0000E-09,-148.0257542789E-03,-1.5373353563E-03
-386.5000E-09,-146.6752517808E-03,+8.6699509666E-03
-386.0000E-09,-144.7280156208E-03,+18.3276141797E-03
-385.5000E-09,-142.6237442865E-03,+28.2208301541E-03
-385.0000E-09,-140.2054026039E-03,+37.1718350834E-03
-384.5000E-09,-137.3787694683E-03,+47.3006038191E-03
-384.0000E-09,-134.5207292980E-03,+56.1730911613E-03
-383.5000E-09,-131.0345484308E-03,+65.5166840261E-03
-383.0000E-09,-128.2393223301E-03,+75.2528648263E-03
-382.5000E-09,-124.0621866964E-03,+83.8112818201E-03
-382.0000E-09,-120.6388198989E-03,+92.6837691622E-03
-381.5000E-09,-116.1162068820E-03,+101.4777389173E-03
-381.0000E-09,-112.2845486316E-03,+109.7220855627E-03
-380.5000E-09,-107.3850511966E-03,+116.9457035757E-03
-380.0000E-09,-103.1451014933E-03,+124.7974622856E-03
-379.5000E-09,-98.4026392325E-03,+133.0418089310E-03
-379.0000E-09,-93.4089206930E-03,+140.0298741828E-03
-378.5000E-09,-88.0069107007E-03,+146.7823866733E-03
-378.0000E-09,-83.1388203005E-03,+153.2208288154E-03
-377.5000E-09,-77.9252525172E-03,+159.7377885446E-03
-377.0000E-09,-72.1149510719E-03,+165.8621603383E-03
-376.5000E-09,-66.5873129401E-03,+171.5939441965E-03
-376.0000E-09,-61.2481170174E-03,+177.3257280547E-03
-375.5000E-09,-55.2179663282E-03,+181.8012305193E-03
-375.0000E-09,-49.0621874997E-03,+186.5908033324E-03
-374.5000E-09,-42.9378157060E-03,+190.4381651002E-03
-374.0000E-09,-37.0332931561E-03,+194.0499741067E-03
-373.5000E-09,-30.8775143276E-03,+198.1328886359E-03
-373.0000E-09,-24.5018862552E-03,+201.9802504037E-03
-372.5000E-09,-18.2832933570E-03,+204.0217076683E-03
-372.0000E-09,-11.9390723194E-03,+205.5920594103E-03
-371.5000E-09,-5.3435950031E-03,+206.6913056296E-03
-371.0000E-09,+780.7767906E-06,+207.7120342619E-03
-370.5000E-09,+7.1249978282E-03,+208.2616573716E-03
-370.0000E-09,+13.1865555522E-03,+208.4186925458E-03
-369.5000E-09,+19.2481132762E-03,+209.1253508297E-03
-369.0000E-09,+25.0584147216E-03,+209.2823860039E-03
-368.5000E-09,+30.8059020972E-03,+208.3401749587E-03
-368.0000E-09,+36.8360527864E-03,+207.7120342619E-03
-367.5000E-09,+42.4265049878E-03,+206.7698232167E-03
-367.0000E-09,+48.1425853286E-03,+205.5135418232E-03
-366.5000E-09,+53.7016304952E-03,+203.8646724941E-03
-366.0000E-09,+59.3548967663E-03,+201.3521097069E-03
-365.5000E-09,+64.9767560026E-03,+198.5254765714E-03
-365.0000E-09,+70.1275097162E-03,+194.9136675648E-03
-364.5000E-09,+75.8121830222E-03,+190.6737178615E-03
-364.0000E-09,+80.7430874920E-03,+185.3345219388E-03
-363.5000E-09,+85.9566552753E-03,+181.8012305194E-03
-363.0000E-09,+91.1074089890E-03,+176.7761049450E-03
-362.5000E-09,+95.5358009014E-03,+170.0235924546E-03
-362.0000E-09,+100.3724842667E-03,+164.3703261834E-03
-361.5000E-09,+104.5182128655E-03,+158.9526126736E-03
-361.0000E-09,+109.0408258824E-03,+152.1215825960E-03
-360.5000E-09,+112.7782630283E-03,+144.8194469959E-03
-360.0000E-09,+116.4528861045E-03,+138.3810048538E-03
-359.5000E-09,+120.5672076685E-03,+130.3722109697E-03
-359.0000E-09,+123.3624337692E-03,+122.7560050211E-03
-358.5000E-09,+126.9114287061E-03,+115.1397990725E-03
-358.0000E-09,+129.9265040507E-03,+107.5235931239E-03
-357.5000E-09,+132.5646949772E-03,+99.1222113044E-03
-357.0000E-09,+134.8260014856E-03,+90.2497239622E-03
-356.5000E-09,+137.3385642728E-03,+81.4557542072E-03
-356.0000E-09,+138.9717300844E-03,+72.4262316908E-03
-355.5000E-09,+140.8561521748E-03,+62.8470860648E-03
-355.0000E-09,+142.1752476381E-03,+53.8175635484E-03
-354.5000E-09,+143.2744938575E-03,+43.9243475740E-03
-354.0000E-09,+143.8084134497E-03,+34.5022371221E-03
-353.5000E-09,+144.1538908330E-03,+25.0016090832E-03
-353.0000E-09,+144.4365541465E-03,+14.6372875861E-03
-352.5000E-09,+144.3737400768E-03,+5.3722123085E-03
-352.0000E-09,+144.1538908330E-03,-5.5417322983E-03
-351.5000E-09,+143.2744938575E-03,-14.3357020533E-03
-351.0000E-09,+142.7719813000E-03,-24.7000235503E-03
-350.5000E-09,+141.7669561852E-03,-33.4939933054E-03
-350.0000E-09,+140.3850466522E-03,-44.4079379121E-03
-349.5000E-09,+138.6262527012E-03,-52.7308021446E-03
-349.0000E-09,+136.5219813670E-03,-63.7232643384E-03
-348.5000E-09,+134.4177100327E-03,-71.9676109838E-03
-348.0000E-09,+131.9993683501E-03,-82.0963797195E-03
-347.5000E-09,+129.2669563191E-03,-90.8118318875E-03
-347.0000E-09,+126.6287653925E-03,-99.8413544039E-03
-346.5000E-09,+123.4880619086E-03,-109.1849472686E-03
-346.0000E-09,+120.0018810414E-03,-117.5863290882E-03
-345.5000E-09,+116.5785142439E-03,-126.3802988432E-03
-345.0000E-09,+112.5270067496E-03,-134.3105751402E-03
-344.5000E-09,+108.6325344295E-03,-143.4971328308E-03
-344.0000E-09,+104.0785143778E-03,-150.9563036052E-03
-343.5000E-09,+99.9013787441E-03,-158.4154743795E-03
-343.0000E-09,+95.0646953788E-03,-167.6020320701E-03
-342.5000E-09,+90.1651979439E-03,-174.4330621477E-03
-342.0000E-09,+85.1714794044E-03,-181.1855746382E-03
-341.5000E-09,+80.1149467952E-03,-188.7232629997E-03
-341.0000E-09,+74.6815297680E-03,-194.8476347934E-03
-340.5000E-09,+69.1224846014E-03,-200.3438658903E-03
-340.0000E-09,+63.8146957135E-03,-206.7037904453E-03
-339.5000E-09,+57.9101731637E-03,-212.5926094777E-03
-339.0000E-09,+52.2883139274E-03,-216.9895943552E-03
-338.5000E-09,+46.5722335867E-03,-221.1510264715E-03
-338.0000E-09,+40.1337914446E-03,-225.9405992845E-03
-337.5000E-09,+34.0094196509E-03,-230.4161017491E-03
-337.0000E-09,+27.8850478572E-03,-235.0486393879E-03
-336.5000E-09,+21.6350479241E-03,-237.7182373493E-03
-336.0000E-09,+15.6991183394E-03,-239.5241418526E-03
-335.5000E-09,+9.2606761973E-03,-242.0367046397E-03
-335.0000E-09,+2.9164551598E-03,-244.0781619043E-03
-334.5000E-09,-3.3649518081E-03,-245.8840664076E-03
-334.0000E-09,-9.7719869154E-03,-247.0618302141E-03
-333.5000E-09,-15.9905798136E-03,-247.7684884980E-03
-333.0000E-09,-22.1463586422E-03,-248.4751467819E-03
-332.5000E-09,-28.2707304359E-03,-248.4751467819E-03
-332.0000E-09,-34.8662077522E-03,-248.5536643690E-03
-331.5000E-09,-40.9277654762E-03,-247.5329357367E-03
-331.0000E-09,-47.3348005834E-03,-246.9047950399E-03
-330.5000E-09,-53.2393231333E-03,-245.8840664076E-03
-330.0000E-09,-59.3636949270E-03,-244.4707498398E-03
-329.5000E-09,-65.4252526510E-03,-241.7226342914E-03
-329.0000E-09,-71.2669611312E-03,-239.0530363300E-03
-328.5000E-09,-76.7317851932E-03,-236.5404735429E-03
-328.0000E-09,-82.2280162901E-03,-234.2634635170E-03
-327.5000E-09,-87.7242473871E-03,-231.7509007298E-03
-327.0000E-09,-92.6551518569E-03,-226.9613279168E-03
-326.5000E-09,-97.8687196402E-03,-222.0147199296E-03
-326.0000E-09,-102.3599256223E-03,-217.3036647037E-03
-325.5000E-09,-106.9767597437E-03,-212.9066798261E-03
-325.0000E-09,-111.5935938651E-03,-207.3319311421E-03
-324.5000E-09,-115.5822872897E-03,-200.7364538259E-03
-324.0000E-09,-119.9792721672E-03,-195.8683634257E-03
-323.5000E-09,-123.6538952435E-03,-188.3306750643E-03
-323.0000E-09,-127.3913323894E-03,-180.8715042899E-03
-322.5000E-09,-130.5320358733E-03,-174.4330621478E-03
-322.0000E-09,-133.9868097057E-03,-166.1887155024E-03
-321.5000E-09,-136.8448498761E-03,-158.5725095538E-03
-321.0000E-09,-139.5458548723E-03,-150.0926101472E-03
-320.5000E-09,-142.1212317291E-03,-141.8482635018E-03
-320.0000E-09,-144.7594226556E-03,-132.8972585725E-03
-319.5000E-09,-146.4554025369E-03,-124.1032888175E-03
-319.0000E-09,-147.7430909654E-03,-114.8382135398E-03
-318.5000E-09,-149.4076638119E-03,-105.7301734364E-03
-318.0000E-09,-150.4755029964E-03,-96.2295453974E-03
-317.5000E-09,-151.2920859022E-03,-86.7289173585E-03
-317.0000E-09,-152.3913321216E-03,-77.3853244937E-03
-316.5000E-09,-152.4855532261E-03,-67.3350733451E-03
-316.0000E-09,-152.5797743307E-03,-57.5203749577E-03
-315.5000E-09,-152.2971110171E-03,-47.3130886349E-03
-315.0000E-09,-151.5433421810E-03,-37.3413550734E-03
-314.5000E-09,-150.8523874145E-03,-27.2911039247E-03
-314.0000E-09,-149.7217341603E-03,-17.2408527761E-03
-313.5000E-09,-148.1513824183E-03,-6.8765312790E-03
-313.0000E-09,-147.0835432338E-03,+2.7811319341E-03
-312.5000E-09,-145.4189703873E-03,+12.9884182569E-03
-312.0000E-09,-143.2518849833E-03,+22.7245990572E-03
-311.5000E-09,-140.8335433007E-03,+32.7748502058E-03
-311.0000E-09,-138.4466086529E-03,+42.0399254835E-03
-310.5000E-09,-135.8712317961E-03,+51.6975886966E-03
-310.0000E-09,-132.4792720334E-03,+61.1196991485E-03
-309.5000E-09,-129.4013826191E-03,+69.5995985552E-03
-309.0000E-09,-125.9780158216E-03,+78.9431914199E-03
-308.5000E-09,-122.3347997802E-03,+88.0512315234E-03
-308.0000E-09,-118.5345485647E-03,+97.0807540397E-03
-307.5000E-09,-114.4830410704E-03,+104.3828896399E-03
-307.0000E-09,-110.1802772974E-03,+113.3338945692E-03
-306.5000E-09,-105.6262572456E-03,+120.8715829307E-03
-306.0000E-09,-101.0722371939E-03,+129.5085175115E-03
-305.5000E-09,-96.2355538286E-03,+135.9469596536E-03
-305.0000E-09,-91.3360563937E-03,+143.2490952538E-03
-304.5000E-09,-86.1538956451E-03,+150.9438187895E-03
-304.0000E-09,-81.0659560011E-03,+156.5185674735E-03
-303.5000E-09,-75.3812826952E-03,+162.9570096156E-03
-303.0000E-09,-70.0420867725E-03,+169.0028638222E-03
-302.5000E-09,-64.2003782923E-03,+174.7346476804E-03
-302.0000E-09,-58.1074135335E-03,+180.2308787773E-03
-301.5000E-09,-52.7996246456E-03,+184.1567581323E-03
-301.0000E-09,-46.6438458171E-03,+188.6322605969E-03
-300.5000E-09,-40.2368107098E-03,+192.6366575389E-03
-300.0000E-09,-34.0810318813E-03,+196.9551248294E-03
-299.5000E-09,-27.9252530527E-03,+200.8810041843E-03
-299.0000E-09,-21.7694742242E-03,+202.6869086876E-03
-298.5000E-09,-15.4880672563E-03,+204.6498483651E-03
-298.0000E-09,-8.9239969748E-03,+205.5920594103E-03
-297.5000E-09,-2.7368111114E-03,+206.6913056296E-03
-297.0000E-09,+3.2933395777E-03,+207.6335166748E-03
-296.5000E-09,+9.4805254411E-03,+208.4186925458E-03
-296.0000E-09,+16.0131886877E-03,+208.5757277200E-03
-295.5000E-09,+21.6978619937E-03,+208.6542453071E-03
-295.0000E-09,+27.4767564042E-03,+208.1046221974E-03
-294.5000E-09,+33.6639422675E-03,+207.2409287393E-03
-294.0000E-09,+39.4428366780E-03,+206.2202001071E-03
-293.5000E-09,+45.0018818446E-03,+205.2779890619E-03
-293.0000E-09,+50.9064043944E-03,+203.7076373199E-03
-292.5000E-09,+56.6852988049E-03,+201.7446976424E-03
-292.0000E-09,+61.8988665883E-03,+198.9180645069E-03
-291.5000E-09,+67.0496203019E-03,+195.3062555004E-03
-291.0000E-09,+72.3574091898E-03,+190.8307530357E-03
-290.5000E-09,+78.1363036003E-03,+188.1611550744E-03
-290.0000E-09,+83.0043940004E-03,+184.3137933065E-03
-289.5000E-09,+88.0295195747E-03,+179.6027380806E-03
-289.0000E-09,+92.9604240445E-03,+173.7924366353E-03
-288.5000E-09,+97.7028863053E-03,+168.6102758868E-03
-288.0000E-09,+102.3825344964E-03,+162.0933161576E-03
-287.5000E-09,+106.5596701300E-03,+156.8326378220E-03
-287.0000E-09,+111.0194690773E-03,+149.9230901573E-03
-286.5000E-09,+114.7569062232E-03,+142.6209545571E-03
-286.0000E-09,+118.8712277871E-03,+134.9262310214E-03
-285.5000E-09,+122.2631875498E-03,+127.4670602471E-03
-285.0000E-09,+125.8435895215E-03,+120.2434422340E-03
-284.5000E-09,+128.7644437616E-03,+111.2139197176E-03
-284.0000E-09,+131.5282628275E-03,+103.6762313561E-03
-283.5000E-09,+134.1664537540E-03,+94.9607791882E-03
-283.0000E-09,+136.3335391579E-03,+86.5593973686E-03
-282.5000E-09,+138.3749964225E-03,+77.6869100265E-03
-282.0000E-09,+140.6048958961E-03,+68.8144226843E-03
-281.5000E-09,+141.9239913594E-03,+59.4708298196E-03
-281.0000E-09,+142.6463531607E-03,+50.1272369548E-03
-280.5000E-09,+143.3687149620E-03,+41.1762320255E-03
-280.0000E-09,+144.0596697284E-03,+30.6548753543E-03
-279.5000E-09,+144.3109260072E-03,+21.3112824896E-03
-279.0000E-09,+144.6249963556E-03,+12.2032423861E-03
-278.5000E-09,+144.2481119375E-03,+1.7604033020E-03
-278.0000E-09,+143.8398204846E-03,-7.6617071499E-03
-277.5000E-09,+143.4943431013E-03,-18.3400989953E-03
-277.0000E-09,+142.5835390910E-03,-27.8407270343E-03
-276.5000E-09,+141.2016295581E-03,-38.1265309442E-03
-276.0000E-09,+140.0081622342E-03,-47.5486413960E-03
-275.5000E-09,+138.4064034574E-03,-57.2063046092E-03
-275.0000E-09,+136.0194688096E-03,-67.3350733449E-03
-274.5000E-09,+133.7895693360E-03,-76.4431134484E-03
-274.0000E-09,+131.6224839320E-03,-85.3941183777E-03
-273.5000E-09,+128.5131874829E-03,-95.0517815908E-03
-273.0000E-09,+125.4667051035E-03,-104.2383392814E-03
-272.5000E-09,+122.1375594105E-03,-112.6397211009E-03
-272.0000E-09,+118.8084137175E-03,-121.5907260302E-03
-271.5000E-09,+114.8197202929E-03,-130.6202485465E-03
-271.0000E-09,+111.0508761122E-03,-139.1001479532E-03
-270.5000E-09,+106.5910771650E-03,-146.8733890760E-03
-270.0000E-09,+102.2569063571E-03,-155.3532884827E-03
-269.5000E-09,+97.5144440963E-03,-164.3042934119E-03
-269.0000E-09,+93.1488662537E-03,-170.1931124443E-03
-268.5000E-09,+88.0923336445E-03,-178.4374590897E-03
-268.0000E-09,+82.9415799308E-03,-184.6403484705E-03
-267.5000E-09,+77.7280121475E-03,-191.6284137223E-03
-267.0000E-09,+72.2317810506E-03,-198.3024086257E-03
-266.5000E-09,+66.8925851278E-03,-204.1912276581E-03
-266.0000E-09,+60.9880625780E-03,-210.0800466905E-03
-265.5000E-09,+55.6174596205E-03,-214.5555491552E-03
-265.0000E-09,+50.1840425932E-03,-219.1095692069E-03
-264.5000E-09,+43.7770074860E-03,-224.7628354780E-03
-264.0000E-09,+37.3699723787E-03,-229.4738907039E-03
-263.5000E-09,+31.3712287244E-03,-233.4782876460E-03
-263.0000E-09,+25.4038921049E-03,-235.5982624976E-03
-262.5000E-09,+19.5621836247E-03,-237.8752725235E-03
-262.0000E-09,+12.8724852039E-03,-240.2308001365E-03
-261.5000E-09,+6.4654500966E-03,-242.6648453365E-03
-261.0000E-09,-35.8061151E-06,-244.9418553624E-03
-260.5000E-09,-6.5056552921E-03,-247.1403478012E-03
-260.0000E-09,-12.6614341206E-03,-248.0825588464E-03
-259.5000E-09,-18.9742481234E-03,-249.9669809367E-03
-259.0000E-09,-25.6011324745E-03,-250.0454985238E-03
-258.5000E-09,-31.4114339198E-03,-249.8884633496E-03
-258.0000E-09,-37.5986197832E-03,-249.2603226529E-03
-257.5000E-09,-43.7858056466E-03,-248.2395940206E-03
-257.0000E-09,-49.8473633706E-03,-247.1403478012E-03
-256.5000E-09,-55.5006296417E-03,-245.4129608850E-03
-256.0000E-09,-61.5621873657E-03,-243.1359508592E-03
-255.5000E-09,-67.7493732291E-03,-241.1730111817E-03
-255.0000E-09,-73.3398254305E-03,-238.7389659816E-03
-254.5000E-09,-78.6162072836E-03,-236.3834383687E-03
-254.0000E-09,-83.9868102411E-03,-232.9286645363E-03
-253.5000E-09,-89.6086694774E-03,-229.0813027685E-03
-253.0000E-09,-94.6652020866E-03,-224.2132123684E-03
-252.5000E-09,-99.6275135912E-03,-219.7377099038E-03
-252.0000E-09,-104.3071617823E-03,-214.7911019165E-03
-251.5000E-09,-108.9239959037E-03,-210.1585642777E-03
-251.0000E-09,-113.0383174677E-03,-204.4267804195E-03
-250.5000E-09,-117.5923375194E-03,-198.3024086258E-03
-250.0000E-09,-121.3297746653E-03,-192.1780368321E-03
-249.5000E-09,-125.5069102990E-03,-185.2684891674E-03
-249.0000E-09,-128.7104278526E-03,-178.4374590898E-03
-248.5000E-09,-132.5420861030E-03,-170.5857003800E-03
-248.0000E-09,-135.4315333083E-03,-163.4405999540E-03
-247.5000E-09,-138.1011312696E-03,-155.6673588312E-03
-247.0000E-09,-140.6451010916E-03,-146.7948714891E-03
-246.5000E-09,-143.0320357394E-03,-138.8645951921E-03
-246.0000E-09,-145.1677141085E-03,-129.1284143918E-03
-245.5000E-09,-147.0521361989E-03,-120.5699973981E-03
-245.0000E-09,-148.5596738712E-03,-110.9123341849E-03
-244.5000E-09,-149.7217341603E-03,-101.5687413202E-03
-244.0000E-09,-150.9466085190E-03,-92.3821836296E-03
-243.5000E-09,-152.0144477035E-03,-82.0963797197E-03
-243.0000E-09,-152.5483672958E-03,-72.9883396162E-03
-242.5000E-09,-152.7996235745E-03,-62.7025357063E-03
-242.0000E-09,-152.8624376442E-03,-52.2596966222E-03
-241.5000E-09,-152.2657039823E-03,-42.7590685832E-03
-241.0000E-09,-151.7945984597E-03,-32.5517822604E-03
-240.5000E-09,-150.7895733448E-03,-22.8941190472E-03
-240.0000E-09,-149.3762567770E-03,-12.2942447889E-03
-239.5000E-09,-148.2456035228E-03,-3.1076870983E-03
-239.0000E-09,-146.4554025370E-03,+7.1781168116E-03
-238.5000E-09,-144.2883171331E-03,+16.9928151989E-03
-238.0000E-09,-142.1840457988E-03,+25.9438201282E-03
-237.5000E-09,-139.7657041162E-03,+36.4651767994E-03
-237.0000E-09,-137.0961061548E-03,+45.7302520771E-03
-236.5000E-09,-134.4579152283E-03,+54.9953273547E-03
-236.0000E-09,-131.2229906398E-03,+64.7315081550E-03
-235.5000E-09,-128.2079152952E-03,+73.3684427359E-03
-235.0000E-09,-124.3448500100E-03,+83.4186938845E-03
-234.5000E-09,-120.7016339686E-03,+91.1919350073E-03
-234.0000E-09,-116.8071616485E-03,+100.6925630462E-03
-233.5000E-09,-112.4101767710E-03,+108.4658041690E-03
-233.0000E-09,-108.2644481722E-03,+117.6523618596E-03
-232.5000E-09,-103.7418351553E-03,+124.7189446985E-03
-232.0000E-09,-98.9679658597E-03,+132.9632913438E-03
-231.5000E-09,-94.0684684247E-03,+140.5794972924E-03
-231.0000E-09,-88.8863076762E-03,+147.8031153055E-03
-230.5000E-09,-83.7669609974E-03,+154.0845222734E-03
-230.0000E-09,-78.3021369353E-03,+160.5229644155E-03
-229.5000E-09,-72.9315339777E-03,+167.1969593189E-03
-229.0000E-09,-67.1840466021E-03,+172.0650497190E-03
-228.5000E-09,-61.5935944007E-03,+177.5612808159E-03
-228.0000E-09,-55.8146999902E-03,+183.2145470871E-03
-227.5000E-09,-50.1300266843E-03,+187.6115319646E-03
-227.0000E-09,-43.9742478557E-03,+191.1448233841E-03
-226.5000E-09,-37.8812830969E-03,+194.7566323906E-03
-226.0000E-09,-31.8197253728E-03,+198.9180645068E-03
-225.5000E-09,-25.5697254398E-03,+202.2943207521E-03
-225.0000E-09,-19.3511325416E-03,+204.5713307780E-03
-224.5000E-09,-12.8498763298E-03,+205.9846473457E-03
-224.0000E-09,-6.4428412225E-03,+207.0838935651E-03
-223.5000E-09,-381.2834985E-06,+208.3401749587E-03
-223.0000E-09,+5.8059023649E-03,+208.4972101329E-03
-222.5000E-09,+12.3699726463E-03,+208.5757277200E-03
-222.0000E-09,+18.1802740917E-03,+208.4972101329E-03
-221.5000E-09,+24.4302740247E-03,+208.8112804813E-03
-221.0000E-09,+30.0207262262E-03,+208.4186925458E-03
-220.5000E-09,+35.7368065669E-03,+207.3194463264E-03
-220.0000E-09,+41.8611783606E-03,+206.3772352813E-03
-219.5000E-09,+47.5772587014E-03,+204.5713307780E-03
-219.0000E-09,+53.2619320074E-03,+203.7861549070E-03
-218.5000E-09,+58.5383138604E-03,+200.9595217715E-03
-218.0000E-09,+64.4428364102E-03,+198.0543710488E-03
-217.5000E-09,+69.8134393678E-03,+193.5788685842E-03
-217.0000E-09,+74.9641930815E-03,+189.1818837067E-03
-216.5000E-09,+80.3347960390E-03,+186.2767329840E-03
-216.0000E-09,+85.8310271360E-03,+181.5656777581E-03
-215.5000E-09,+90.6677105012E-03,+176.7761049451E-03
-215.0000E-09,+95.5672079362E-03,+171.0443210869E-03
-214.5000E-09,+99.9327857789E-03,+165.6266075771E-03
-214.0000E-09,+104.4553987958E-03,+159.7377885446E-03
-213.5000E-09,+108.4440922204E-03,+153.2993464026E-03
-213.0000E-09,+112.6212278541E-03,+147.3320097830E-03
-212.5000E-09,+116.5785142438E-03,+139.5587686603E-03
-212.0000E-09,+120.0961021459E-03,+132.6492209956E-03
-211.5000E-09,+123.6136900479E-03,+124.6404271115E-03
-211.0000E-09,+126.9742427757E-03,+116.5531156404E-03
-210.5000E-09,+129.4553985281E-03,+108.7013569305E-03
-210.0000E-09,+132.5332879423E-03,+100.3784926980E-03
-209.5000E-09,+134.5433381721E-03,+91.1134174204E-03
-209.0000E-09,+136.7104235760E-03,+82.0838949040E-03
-208.5000E-09,+138.9403230496E-03,+73.6039954973E-03
-208.0000E-09,+140.6991170006E-03,+63.3967091745E-03
-207.5000E-09,+141.9553983942E-03,+55.5449504646E-03
-207.0000E-09,+143.0860516484E-03,+44.8665586192E-03
-206.5000E-09,+143.4943431013E-03,+36.7792471480E-03
-206.0000E-09,+143.8084134497E-03,+26.4934432381E-03
-205.5000E-09,+143.8084134497E-03,+16.9142976120E-03
-205.0000E-09,+144.0282626936E-03,+7.0995992247E-03
-204.5000E-09,+143.6513782755E-03,-1.4588177691E-03
-204.0000E-09,+143.1488657181E-03,-11.9016568532E-03
-203.5000E-09,+142.6777601955E-03,-21.9519080018E-03
-203.0000E-09,+141.6727350807E-03,-31.1384656924E-03
-202.5000E-09,+140.5106747916E-03,-42.5235158217E-03
-202.0000E-09,+138.6890667709E-03,-51.3960031639E-03
-201.5000E-09,+136.8360517154E-03,-61.2892191383E-03
-201.0000E-09,+134.7945944508E-03,-70.7898471773E-03
-200.5000E-09,+132.4704738727E-03,-80.6045455646E-03
-200.0000E-09,+129.8322829462E-03,-89.2414801455E-03
-199.5000E-09,+126.9742427758E-03,-98.7421081844E-03
-199.0000E-09,+123.8649463267E-03,-107.7716307008E-03
-198.5000E-09,+120.3473584247E-03,-117.0367059784E-03
-198.0000E-09,+116.9868056968E-03,-125.7521581464E-03
-197.5000E-09,+113.0609263419E-03,-134.5461279015E-03
-197.0000E-09,+108.9466047779E-03,-143.1045448952E-03
-196.5000E-09,+104.5496199004E-03,-151.5059267148E-03
-196.0000E-09,+100.1526350229E-03,-159.2791678376E-03
-195.5000E-09,+95.5986149711E-03,-166.9738913733E-03
-195.0000E-09,+90.6677105013E-03,-174.4330621477E-03
-194.5000E-09,+85.7682130664E-03,-181.1070570511E-03
-194.0000E-09,+80.5546452830E-03,-188.0951223028E-03
-193.5000E-09,+75.2782634300E-03,-194.5335644450E-03
-193.0000E-09,+70.0332886118E-03,-200.3438658903E-03
-192.5000E-09,+64.5998715846E-03,-206.7823080324E-03
-192.0000E-09,+58.7581631044E-03,-211.4933632583E-03
-191.5000E-09,+52.7280124152E-03,-216.2044184842E-03
-191.0000E-09,+46.9491180048E-03,-221.4650968198E-03
-190.5000E-09,+40.9503743504E-03,-225.7835641103E-03
-190.0000E-09,+34.8888166264E-03,-230.2590665749E-03
-189.5000E-09,+28.3875604146E-03,-234.3419811040E-03
-189.0000E-09,+22.2631886209E-03,-236.7760263041E-03
-188.5000E-09,+15.9817816530E-03,-239.4456242655E-03
-188.0000E-09,+9.7631887548E-03,-241.4085639430E-03
-187.5000E-09,+3.4189677172E-03,-244.0781619043E-03
-187.0000E-09,-2.9252533204E-03,-245.4914784721E-03
-186.5000E-09,-9.1124391838E-03,-247.5329357367E-03
-186.0000E-09,-15.2368109775E-03,-248.5536643689E-03
-185.5000E-09,-21.6438460847E-03,-248.8677347173E-03
-185.0000E-09,-28.2707304358E-03,-248.4751467819E-03
-184.5000E-09,-33.8925896721E-03,-248.0825588464E-03
-184.0000E-09,-39.9855544310E-03,-247.6114533238E-03
-183.5000E-09,-46.0157051202E-03,-246.0411015818E-03
-183.0000E-09,-52.4855542971E-03,-243.9996443172E-03
-182.5000E-09,-58.5471120211E-03,-242.4292925753E-03
-182.0000E-09,-64.0433431181E-03,-240.4663528978E-03
-181.5000E-09,-70.2933430511E-03,-238.6604483945E-03
-181.0000E-09,-75.9466093222E-03,-235.9123328461E-03
-180.5000E-09,-81.5056544888E-03,-233.7138404073E-03
-180.0000E-09,-86.8134433767E-03,-230.5731369234E-03
-179.5000E-09,-91.9956041252E-03,-226.4902223942E-03
-179.0000E-09,-97.2405789434E-03,-221.7791671683E-03
-178.5000E-09,-101.8888200997E-03,-217.4606998779E-03
-178.0000E-09,-106.6312823604E-03,-212.2000215423E-03
-177.5000E-09,-110.9654531683E-03,-207.0963783809E-03
-177.0000E-09,-115.2054028716E-03,-201.6786648710E-03
-176.5000E-09,-119.1312822266E-03,-195.5542930773E-03
-176.0000E-09,-122.9943475118E-03,-188.8802981740E-03
-175.5000E-09,-126.7631916926E-03,-182.4418560319E-03
-175.0000E-09,-130.1237444204E-03,-174.8256500833E-03
-174.5000E-09,-133.4842971482E-03,-167.2094441347E-03
-174.0000E-09,-136.5621865625E-03,-159.5147205990E-03
-173.5000E-09,-139.5144478374E-03,-150.6422332569E-03
-173.0000E-09,-141.8385684155E-03,-143.6541680051E-03
-172.5000E-09,-144.1312819588E-03,-133.6039168565E-03
-172.0000E-09,-146.3611814324E-03,-126.1447460821E-03
-171.5000E-09,-147.9629402092E-03,-116.4085652818E-03
-171.0000E-09,-149.5332919512E-03,-106.5153493074E-03
-170.5000E-09,-150.5697241009E-03,-97.7998971394E-03
-170.0000E-09,-151.6375632855E-03,-87.5140932295E-03
-169.5000E-09,-152.4855532261E-03,-78.3275355389E-03
-169.0000E-09,-152.8310306094E-03,-67.8846964548E-03
-168.5000E-09,-152.9566587487E-03,-58.0699980674E-03
-168.0000E-09,-152.5483672958E-03,-48.4123348543E-03
-167.5000E-09,-152.2657039823E-03,-38.4406012928E-03
-167.0000E-09,-151.1036436932E-03,-27.8407270344E-03
-166.5000E-09,-150.0358045087E-03,-18.4971341697E-03
-166.0000E-09,-148.8109301499E-03,-7.8187423242E-03
-165.5000E-09,-147.3662065473E-03,+1.4463329534E-03
-165.0000E-09,-145.7016337008E-03,+11.6536192762E-03
-164.5000E-09,-144.0056538195E-03,+22.3320111217E-03
-164.0000E-09,-141.2732417885E-03,+31.2830160509E-03
-163.5000E-09,-139.1061563845E-03,+40.7836440899E-03
-163.0000E-09,-136.3423373187E-03,+50.1272369546E-03
-162.5000E-09,-133.4214830786E-03,+60.0204529291E-03
-162.0000E-09,-130.0923373856E-03,+69.3640457938E-03
-161.5000E-09,-126.7631916926E-03,+78.6291210715E-03
-161.0000E-09,-122.6174630938E-03,+87.1090204782E-03
-160.5000E-09,-119.1940962963E-03,+95.8244726461E-03
-160.0000E-09,-115.0483676975E-03,+104.2258544657E-03
-159.5000E-09,-110.2116843322E-03,+112.5487186982E-03
-159.0000E-09,-106.1601768379E-03,+120.4004774081E-03
-158.5000E-09,-101.3234934726E-03,+128.7233416405E-03
-158.0000E-09,-96.3297749331E-03,+135.4758541310E-03
-157.5000E-09,-91.6815337769E-03,+143.0135424925E-03
-157.0000E-09,-86.2481167497E-03,+149.7660549830E-03
-156.5000E-09,-81.0345489663E-03,+156.1259795380E-03
-156.0000E-09,-76.0722374617E-03,+163.5851503124E-03
-155.5000E-09,-70.5131922951E-03,+169.4739693448E-03
-155.0000E-09,-64.4516345711E-03,+175.0487180288E-03
-154.5000E-09,-59.2066597529E-03,+179.8382908418E-03
-154.0000E-09,-52.8624387153E-03,+184.6278636549E-03
-153.5000E-09,-47.2405794790E-03,+188.6322605969E-03
-153.0000E-09,-41.1476147201E-03,+193.2647982357E-03
-152.5000E-09,-35.3373132748E-03,+196.8766072423E-03
-152.0000E-09,-28.8360570631E-03,+200.0958283133E-03
-151.5000E-09,-22.5232430603E-03,+202.7654262747E-03
-151.0000E-09,-16.3674642318E-03,+204.9639187135E-03
-150.5000E-09,-9.9604291245E-03,+206.2987176941E-03
-150.0000E-09,-3.8988714005E-03,+207.2409287393E-03
-149.5000E-09,+2.5395707416E-03,+208.1831397845E-03
-149.0000E-09,+8.6325355005E-03,+208.1046221974E-03
-148.5000E-09,+14.9767565380E-03,+208.4972101329E-03
-148.0000E-09,+21.0697212969E-03,+208.1831397845E-03
-147.5000E-09,+26.6601734983E-03,+208.1831397845E-03
-147.0000E-09,+33.0043945359E-03,+207.6335166748E-03
-146.5000E-09,+39.0031381903E-03,+206.3772352813E-03
-146.0000E-09,+44.3109270781E-03,+205.1994714748E-03
-145.5000E-09,+50.2782636976E-03,+204.1787428425E-03
-145.0000E-09,+55.8373088642E-03,+202.2158031650E-03
-144.5000E-09,+61.3649469960E-03,+199.3891700295E-03
-144.0000E-09,+66.8297710581E-03,+195.6203258487E-03
-143.5000E-09,+71.8548966324E-03,+191.5374113196E-03
-143.0000E-09,+77.3825347641E-03,+188.3181902486E-03
-142.5000E-09,+82.4076603385E-03,+184.2352757194E-03
-142.0000E-09,+87.2443437038E-03,+179.2886677322E-03
-141.5000E-09,+92.2066552084E-03,+173.4783662869E-03
-141.0000E-09,+96.9491174692E-03,+168.3747231255E-03
-140.5000E-09,+101.5659515906E-03,+162.6429392673E-03
-140.0000E-09,+105.9001223984E-03,+156.2044971252E-03
-139.5000E-09,+110.2971072760E-03,+149.6875373960E-03
-139.0000E-09,+114.5370569793E-03,+143.3276128410E-03
-138.5000E-09,+118.2430870904E-03,+136.0254772408E-03
-138.0000E-09,+122.0433383059E-03,+128.0166833567E-03
-137.5000E-09,+125.1526347550E-03,+121.3426884533E-03
-137.0000E-09,+128.4817804480E-03,+113.0198242209E-03
-136.5000E-09,+131.2141924791E-03,+104.4614072271E-03
-136.0000E-09,+133.8837904404E-03,+96.1385429946E-03
-135.5000E-09,+136.1765039837E-03,+87.3445732396E-03
-135.0000E-09,+138.2179612483E-03,+78.0009803748E-03
-134.5000E-09,+139.8825340948E-03,+69.4425633811E-03
-134.0000E-09,+141.2958506626E-03,+60.3345232776E-03
-133.5000E-09,+142.5835390910E-03,+50.7553776516E-03
-133.0000E-09,+143.5257501362E-03,+41.4903023739E-03
-132.5000E-09,+143.9340415891E-03,+31.8326391608E-03
-132.0000E-09,+144.0282626936E-03,+22.2534935347E-03
-131.5000E-09,+144.1538908330E-03,+12.5958303216E-03
-131.0000E-09,+144.3423330420E-03,+2.3100264116E-03
-130.5000E-09,+144.1538908330E-03,-6.9550488660E-03
-130.0000E-09,+143.3059008923E-03,-17.4764055372E-03
-129.5000E-09,+142.4893179865E-03,-26.7414808149E-03
-129.0000E-09,+141.0760014187E-03,-37.0272847248E-03
-128.5000E-09,+139.5998707812E-03,-46.9205006993E-03
-128.0000E-09,+137.8724838651E-03,-55.9500232156E-03
-127.5000E-09,+135.9566547399E-03,-66.2358271256E-03
-127.0000E-09,+134.0094185798E-03,-75.1083144677E-03
-126.5000E-09,+131.4968557927E-03,-84.7659776809E-03
-126.0000E-09,+128.5131874829E-03,-93.4814298489E-03
-125.5000E-09,+125.6237402777E-03,-103.4531634104E-03
-125.0000E-09,+122.3888156892E-03,-112.3256507526E-03
-124.5000E-09,+118.9654488917E-03,-121.1981380947E-03
-124.0000E-09,+115.3850469200E-03,-129.6780375014E-03
-123.5000E-09,+111.3963534954E-03,-138.3149720822E-03
-123.0000E-09,+107.3448460011E-03,-146.7948714889E-03
-122.5000E-09,+102.7280118797E-03,-154.1755246762E-03
-122.0000E-09,+98.1111777583E-03,-162.8909768442E-03
-121.5000E-09,+93.2744943930E-03,-169.7220069218E-03
-121.0000E-09,+88.4378110277E-03,-177.1026601090E-03
-120.5000E-09,+83.2242432444E-03,-184.7188660576E-03
-120.0000E-09,+78.1991176700E-03,-190.9217554384E-03
-119.5000E-09,+72.7028865731E-03,-197.2031624063E-03
-119.0000E-09,+67.3008765807E-03,-203.1704990258E-03
-118.5000E-09,+61.7418314141E-03,-208.9808004711E-03
-118.0000E-09,+55.9315299688E-03,-214.7125843294E-03
-117.5000E-09,+49.9641933493E-03,-218.9525340327E-03
-117.0000E-09,+44.1538919040E-03,-223.6635892586E-03
-116.5000E-09,+38.3121834239E-03,-228.6101972458E-03
-116.0000E-09,+32.1878116302E-03,-232.3005238395E-03
-115.5000E-09,+25.8435905926E-03,-235.2056745622E-03
-115.0000E-09,+19.8134399034E-03,-238.3463780461E-03
-114.5000E-09,+13.4692188658E-03,-240.4663528978E-03
-114.0000E-09,+7.1878118979E-03,-242.6648453365E-03
-113.5000E-09,+1.0320330694E-03,-244.9418553624E-03
-113.0000E-09,-5.4692231424E-03,-246.9047950399E-03
-112.5000E-09,-11.8448512148E-03,-248.0825588464E-03
-112.0000E-09,-18.0634441130E-03,-249.1032874786E-03
-111.5000E-09,-24.1250018371E-03,-249.8884633496E-03
-111.0000E-09,-30.3750017701E-03,-249.2603226528E-03
-110.5000E-09,-36.5935946683E-03,-248.8677347174E-03
-110.0000E-09,-43.2832930891E-03,-247.8470060851E-03
-109.5000E-09,-49.1878156390E-03,-246.2766543431E-03
-109.0000E-09,-55.3750015024E-03,-244.8633377753E-03
-108.5000E-09,-61.2481170173E-03,-242.1937398140E-03
-108.0000E-09,-67.0584184627E-03,-239.8382122010E-03
-107.5000E-09,-72.9315339776E-03,-237.7967549364E-03
-107.0000E-09,-78.3963580397E-03,-235.8338152590E-03
-106.5000E-09,-84.0496243108E-03,-233.2427348847E-03
-106.0000E-09,-89.2003780245E-03,-229.7094434653E-03
-105.5000E-09,-94.1940965640E-03,-225.2339410007E-03
-105.0000E-09,-99.2820362080E-03,-220.5228857747E-03
-104.5000E-09,-103.7418351552E-03,-216.1259008972E-03
-104.0000E-09,-108.4842974160E-03,-210.9437401487E-03
-103.5000E-09,-112.9440963632E-03,-205.2904738776E-03
-103.0000E-09,-116.9327897878E-03,-198.3809262129E-03
-102.5000E-09,-121.1099254215E-03,-192.6491423547E-03
-102.0000E-09,-124.7845484977E-03,-185.9751474513E-03
-101.5000E-09,-128.1136941907E-03,-179.3796701350E-03
-101.0000E-09,-131.2858047095E-03,-171.7634641864E-03
-100.5000E-09,-134.8976137160E-03,-164.1472582378E-03
-100.0000E-09,-137.8184679561E-03,-155.6673588312E-03
-99.5000E-09,-140.6451010916E-03,-148.1296704697E-03
-99.0000E-09,-143.0006287046E-03,-139.4142183017E-03
-98.5000E-09,-145.1677141085E-03,-129.8350726757E-03
-98.0000E-09,-147.0835432337E-03,-120.8840677464E-03
-97.5000E-09,-148.6538949757E-03,-111.9330628172E-03
-97.0000E-09,-150.0358045087E-03,-102.1968820169E-03
-96.5000E-09,-151.2606788674E-03,-93.7955001974E-03
-96.0000E-09,-152.1400758429E-03,-82.7245204164E-03
-95.5000E-09,-152.7368095049E-03,-73.6164803130E-03
-95.0000E-09,-153.0194728184E-03,-63.4877115772E-03
-94.5000E-09,-152.7368095049E-03,-53.2804252544E-03
-94.0000E-09,-152.4541461913E-03,-43.3872092800E-03
-93.5000E-09,-151.9202265990E-03,-32.9443701958E-03
-93.0000E-09,-150.9152014842E-03,-23.0511542214E-03
-92.5000E-09,-149.8159552648E-03,-13.2364558340E-03
-92.0000E-09,-148.2770105577E-03,-2.7936167499E-03
-91.5000E-09,-146.6124377112E-03,+6.4714585278E-03
-91.0000E-09,-144.9478648647E-03,+16.8357800248E-03
-90.5000E-09,-142.9378146349E-03,+25.9438201282E-03
-90.0000E-09,-140.5822870220E-03,+36.6222119737E-03
-89.5000E-09,-137.5358046426E-03,+44.7880410320E-03
-89.0000E-09,-134.8033926115E-03,+55.5449504645E-03
-88.5000E-09,-131.6626891276E-03,+63.6322619357E-03
-88.0000E-09,-128.1451012255E-03,+74.4676889553E-03
-87.5000E-09,-124.8159555326E-03,+82.4764828394E-03
-87.0000E-09,-120.8272621079E-03,+90.9563822460E-03
-86.5000E-09,-116.9641968227E-03,+100.3784926979E-03
-86.0000E-09,-112.6614330497E-03,+107.7591458852E-03
-85.5000E-09,-108.2958552070E-03,+117.1812563370E-03
-85.0000E-09,-103.7104281204E-03,+125.1115326340E-03
-84.5000E-09,-99.0307799293E-03,+132.8847737568E-03
-84.0000E-09,-94.1626895292E-03,+140.6580148795E-03
-83.5000E-09,-89.2631920943E-03,+147.4890449571E-03
-83.0000E-09,-83.9868102412E-03,+153.9274870992E-03
-82.5000E-09,-78.8046494927E-03,+160.2088940671E-03
-82.0000E-09,-73.2770113609E-03,+166.0191955125E-03
-81.5000E-09,-67.7179661944E-03,+172.0650497191E-03
-81.0000E-09,-62.1903280626E-03,+177.3257280547E-03
-80.5000E-09,-56.1287703386E-03,+182.1153008677E-03
-80.0000E-09,-50.5069111023E-03,+185.5700747001E-03
-79.5000E-09,-44.0998759951E-03,+189.5744716421E-03
-79.0000E-09,-38.1011323407E-03,+193.5788685841E-03
-78.5000E-09,-31.7883183380E-03,+197.8188182875E-03
-78.0000E-09,-25.5697254397E-03,+201.0380393585E-03
-77.5000E-09,-19.4453536460E-03,+203.4720845586E-03
-77.0000E-09,-13.2895748175E-03,+204.8854011264E-03
-76.5000E-09,-7.0709819193E-03,+205.7490945845E-03
-76.0000E-09,-789.5749514E-06,+207.3979639135E-03
-75.5000E-09,+5.4604249817E-03,+207.7905518490E-03
-75.0000E-09,+11.3963545663E-03,+208.3401749587E-03
-74.5000E-09,+17.5207263601E-03,+208.7327628942E-03
-74.0000E-09,+23.4880629796E-03,+208.5757277200E-03
-73.5000E-09,+29.6124347733E-03,+208.1831397845E-03
-73.0000E-09,+35.5797713928E-03,+207.5549990877E-03
-72.5000E-09,+41.5785150471E-03,+206.4557528684E-03
-72.0000E-09,+47.3260024227E-03,+205.3565066490E-03
-71.5000E-09,+52.9792686939E-03,+203.5506021457E-03
-71.0000E-09,+58.5383138604E-03,+201.1165569457E-03
-70.5000E-09,+64.0659519922E-03,+199.2321348553E-03
-70.0000E-09,+69.5621830891E-03,+195.3062555004E-03
-69.5000E-09,+74.6815297680E-03,+191.3018585583E-03
-69.0000E-09,+80.1463538300E-03,+187.5330143776E-03
-68.5000E-09,+84.9830371953E-03,+182.3508536291E-03
-68.0000E-09,+89.9767557348E-03,+177.5612808160E-03
-67.5000E-09,+94.8134391001E-03,+172.0650497191E-03
-67.0000E-09,+99.5873083957E-03,+167.0399241448E-03
-66.5000E-09,+104.2669565868E-03,+160.4444468285E-03
-66.0000E-09,+108.1614289069E-03,+153.4563815767E-03
-65.5000E-09,+112.5270067496E-03,+147.8816328927E-03
-65.0000E-09,+116.4214790697E-03,+140.0298741829E-03
-64.5000E-09,+120.0018810414E-03,+132.7277385827E-03
-64.0000E-09,+123.6765041176E-03,+125.7396733309E-03
-63.5000E-09,+126.8486146364E-03,+117.8879146210E-03
-63.0000E-09,+129.6438407371E-03,+109.4080152143E-03
-62.5000E-09,+131.9993683501E-03,+100.9281158077E-03
-62.0000E-09,+135.0772577643E-03,+91.9771108784E-03
-61.5000E-09,+137.0244939244E-03,+83.5757290588E-03
-61.0000E-09,+138.8461019451E-03,+74.4676889554E-03
-60.5000E-09,+140.5734888613E-03,+65.3596488519E-03
-60.0000E-09,+141.7669561852E-03,+55.4664328775E-03
-59.5000E-09,+142.7719813000E-03,+46.9080158837E-03
-59.0000E-09,+143.7455993800E-03,+36.5436943867E-03
-58.5000E-09,+144.3737400768E-03,+27.2786191090E-03
-58.0000E-09,+144.5307752510E-03,+17.1498503733E-03
-57.5000E-09,+144.4365541465E-03,+8.1988454440E-03
-57.0000E-09,+143.9968556588E-03,-2.4795464014E-03
-56.5000E-09,+143.5257501362E-03,-11.9801744403E-03
-56.0000E-09,+142.7405742652E-03,-22.3444959374E-03
-55.5000E-09,+142.0182124639E-03,-32.2377119118E-03
-55.0000E-09,+140.8561521748E-03,-41.8953751250E-03
-54.5000E-09,+139.1601722935E-03,-51.6315559252E-03
-54.0000E-09,+137.0244939244E-03,-61.1321839642E-03
-53.5000E-09,+135.0144436947E-03,-70.1617064805E-03
-53.0000E-09,+133.0043934650E-03,-79.9764048679E-03
-52.5000E-09,+130.1149462597E-03,-89.0844449713E-03
-52.0000E-09,+127.3825342287E-03,-98.3495202490E-03
-51.5000E-09,+124.3988659189E-03,-107.3790427653E-03
-51.0000E-09,+120.6614287730E-03,-115.7019069978E-03
-50.5000E-09,+117.7405745330E-03,-125.4380877980E-03
-50.0000E-09,+113.5634388993E-03,-133.2113289208E-03
-49.5000E-09,+109.7003736141E-03,-141.7697459146E-03
-49.0000E-09,+105.3976098410E-03,-150.1711277342E-03
-48.5000E-09,+100.9064038590E-03,-157.7088160956E-03
-48.0000E-09,+95.9440923544E-03,-165.7961275668E-03
-47.5000E-09,+91.7041426510E-03,-173.4123335154E-03
-47.0000E-09,+86.2393185890E-03,-180.5574339414E-03
-46.5000E-09,+81.6538915024E-03,-186.7603233222E-03
-46.0000E-09,+76.0948463358E-03,-193.9054237482E-03
-45.5000E-09,+70.5986152389E-03,-200.7364538258E-03
-45.0000E-09,+64.8197208284E-03,-206.3897200969E-03
-44.5000E-09,+59.1978615921E-03,-211.4933632583E-03
-44.0000E-09,+53.3875601468E-03,-217.1466295294E-03
-43.5000E-09,+47.6400727712E-03,-221.9362023424E-03
-43.0000E-09,+41.4842939427E-03,-226.4902223942E-03
-42.5000E-09,+35.1714799399E-03,-231.0442424459E-03
-42.0000E-09,+29.2669573901E-03,-234.4990162783E-03
-41.5000E-09,+23.1111785616E-03,-236.6975087170E-03
-41.0000E-09,+16.6413293846E-03,-238.6604483945E-03
-40.5000E-09,+10.2657013122E-03,-241.2515287688E-03
-40.0000E-09,+4.0157013791E-03,-244.0781619043E-03
-39.5000E-09,-2.1400774494E-03,-245.6485136463E-03
-39.0000E-09,-8.2016351734E-03,-247.5329357367E-03
-38.5000E-09,-14.5458562110E-03,-248.6321819560E-03
-38.0000E-09,-20.7644491092E-03,-249.2603226528E-03
-37.5000E-09,-27.0458560771E-03,-249.2603226528E-03
-37.0000E-09,-33.5471122889E-03,-249.1032874786E-03
-36.5000E-09,-39.6086700129E-03,-248.3181116077E-03
-36.0000E-09,-45.6702277370E-03,-246.9833126270E-03
-35.5000E-09,-51.8574136003E-03,-245.5699960592E-03
-35.0000E-09,-57.9189713244E-03,-243.2929860334E-03
-34.5000E-09,-64.0119360832E-03,-241.4085639430E-03
-34.0000E-09,-69.8222375285E-03,-239.6026594397E-03
-33.5000E-09,-75.3812826951E-03,-237.7967549364E-03
-33.0000E-09,-80.7832926875E-03,-235.2841921493E-03
-32.5000E-09,-86.4051519238E-03,-232.6931117750E-03
-32.0000E-09,-91.3988704633E-03,-229.0813027685E-03
-31.5000E-09,-96.5496241770E-03,-223.1139661490E-03
-31.0000E-09,-101.4177145771E-03,-218.2458757489E-03
-30.5000E-09,-106.0031416636E-03,-214.3985139810E-03
-30.0000E-09,-110.5885687502E-03,-208.2741421873E-03
-29.5000E-09,-114.6714832794E-03,-202.3853231549E-03
-29.0000E-09,-118.9114329827E-03,-196.6535392967E-03
-28.5000E-09,-122.8059053028E-03,-190.0580619804E-03
-28.0000E-09,-126.6689705880E-03,-183.2270319028E-03
-27.5000E-09,-129.9038951765E-03,-175.6108259543E-03
-27.0000E-09,-133.4842971482E-03,-168.3086903541E-03
-26.5000E-09,-136.5307795277E-03,-160.8495195797E-03
-26.0000E-09,-139.3888196981E-03,-152.2125849988E-03
-25.5000E-09,-141.5873121368E-03,-144.0467559406E-03
-25.0000E-09,-144.4767593421E-03,-134.8601982500E-03
-24.5000E-09,-146.3297743976E-03,-125.5166053853E-03
-24.0000E-09,-147.4604276518E-03,-117.1937411528E-03
-23.5000E-09,-148.8109301499E-03,-107.0649724171E-03
-23.0000E-09,-150.4126889267E-03,-97.4858267910E-03
-22.5000E-09,-151.5433421810E-03,-88.4563042746E-03
-22.0000E-09,-152.2657039823E-03,-78.6416058873E-03
-21.5000E-09,-152.8938446791E-03,-68.7483899129E-03
-21.0000E-09,-153.0194728184E-03,-58.2270332416E-03
-20.5000E-09,-152.7996235745E-03,-48.4123348543E-03
-20.0000E-09,-152.0772617732E-03,-38.0480133573E-03
-19.5000E-09,-151.2920859022E-03,-28.5473853183E-03
-19.0000E-09,-150.2242467177E-03,-18.5756517568E-03
-18.5000E-09,-149.0307793938E-03,-7.9757774984E-03
-18.0000E-09,-147.5232417215E-03,+1.1322626050E-03
-17.5000E-09,-145.7958548053E-03,+11.8106544505E-03
-17.0000E-09,-143.7543975408E-03,+20.7616593797E-03
-16.5000E-09,-142.0270106246E-03,+30.9689457026E-03
-16.0000E-09,-139.3260056284E-03,+40.6266089157E-03
-15.5000E-09,-136.4051513883E-03,+49.7346490192E-03
-15.0000E-09,-133.7355534270E-03,+60.3345232775E-03
-14.5000E-09,-130.1551514553E-03,+67.9507292261E-03
-14.0000E-09,-126.7003776229E-03,+77.8439452005E-03
-13.5000E-09,-123.1199756512E-03,+86.4023621943E-03
-13.0000E-09,-119.2255033311E-03,+94.8037440139E-03
-12.5000E-09,-115.2996239762E-03,+103.5191961818E-03
-12.0000E-09,-110.6199757851E-03,+112.2346483498E-03
-11.5000E-09,-106.1915838727E-03,+120.1649246468E-03
-11.0000E-09,-101.3863075423E-03,+128.6448240534E-03
-10.5000E-09,-96.4868101073E-03,+135.5543717181E-03
-10.0000E-09,-91.8699759859E-03,+143.0135424925E-03
-9.5000E-09,-86.7192222723E-03,+148.7453263507E-03
-9.0000E-09,-81.6312826283E-03,+156.5970850606E-03
-8.5000E-09,-76.3863078101E-03,+163.3495975511E-03
-8.0000E-09,-70.8900767131E-03,+168.1391703641E-03
-7.5000E-09,-64.9855541633E-03,+174.0279893965E-03
-7.0000E-09,-59.3322878922E-03,+179.6812556676E-03
-6.5000E-09,-53.4905794121E-03,+183.7641701968E-03
-6.0000E-09,-47.3976146532E-03,+188.3967078356E-03
-5.5000E-09,-41.2732428595E-03,+192.2440696035E-03
-5.0000E-09,-35.7456047277E-03,+196.0129137842E-03
-4.5000E-09,-29.5584188644E-03,+199.2321348552E-03
-4.0000E-09,-23.2770118965E-03,+202.4513559263E-03
-3.5000E-09,-16.6187205105E-03,+204.4142956038E-03
-3.0000E-09,-10.3687205774E-03,+205.9846473457E-03
-2.5000E-09,-4.5898261670E-03,+207.0838935651E-03
-2.0000E-09,+1.6601737661E-03,+207.7905518490E-03
-1.5000E-09,+8.0672088734E-03,+208.6542453071E-03
-1.0000E-09,+14.1601736322E-03,+209.0468332426E-03
-500.0E-12,+19.9704750775E-03,+208.6542453071E-03
-0.0E+00,+26.2204750106E-03,+208.4186925458E-03
+500.0E-12,+31.9365553514E-03,+207.3979639135E-03
+1.0000E-09,+37.8410779012E-03,+206.6913056297E-03
+1.5000E-09,+43.7770074859E-03,+205.2779890619E-03
+2.0000E-09,+49.5873089312E-03,+204.1002252554E-03
+2.5000E-09,+55.4918314810E-03,+202.2943207521E-03
+3.0000E-09,+61.0508766476E-03,+199.1536172682E-03
+3.5000E-09,+66.6413288490E-03,+195.6988434358E-03
+4.0000E-09,+72.1375599459E-03,+193.1077630616E-03
+4.5000E-09,+76.7543940674E-03,+188.7892957712E-03
+5.0000E-09,+82.5646955127E-03,+185.2560043517E-03
+5.5000E-09,+87.2129366689E-03,+180.1523611903E-03
+6.0000E-09,+92.2380622432E-03,+174.3420597450E-03
+6.5000E-09,+97.3574089221E-03,+169.4739693449E-03
+7.0000E-09,+101.5973586254E-03,+163.3495975512E-03
+7.5000E-09,+106.2770068165E-03,+156.9111554091E-03
+8.0000E-09,+110.0772580321E-03,+150.2371605057E-03
+8.5000E-09,+114.5684640141E-03,+143.9557535378E-03
+9.0000E-09,+118.1174589510E-03,+135.8684420666E-03
+9.5000E-09,+122.0119312711E-03,+129.5085175116E-03
+10.0000E-09,+125.2468558596E-03,+122.0493467372E-03
+10.5000E-09,+127.9478608558E-03,+112.9413066338E-03
+11.0000E-09,+131.2455995139E-03,+105.4821358594E-03
+11.5000E-09,+133.8837904404E-03,+96.2955781689E-03
+12.0000E-09,+135.5797703218E-03,+87.7371611751E-03
+12.5000E-09,+137.8096697954E-03,+79.7283672910E-03
+13.0000E-09,+140.0395692690E-03,+69.7566337295E-03
+13.5000E-09,+141.3586647322E-03,+60.8056288002E-03
+14.0000E-09,+142.4579109516E-03,+50.9909304129E-03
+14.5000E-09,+143.3059008923E-03,+41.5688199610E-03
+15.0000E-09,+143.9968556588E-03,+31.7541215737E-03
+15.5000E-09,+144.2167049026E-03,+23.0386694057E-03
+16.0000E-09,+144.2481119375E-03,+12.8313830829E-03
+16.5000E-09,+143.9026345543E-03,+3.1737198697E-03
+17.0000E-09,+143.8084134497E-03,-6.0913554079E-03
+17.5000E-09,+143.4629360665E-03,-16.4556769050E-03
+18.0000E-09,+142.8347953697E-03,-26.5059280536E-03
+18.5000E-09,+141.7041421155E-03,-35.7710033313E-03
+19.0000E-09,+140.0081622342E-03,-45.5071841315E-03
+19.5000E-09,+138.2807753180E-03,-55.4789176930E-03
+20.0000E-09,+136.2079110186E-03,-64.5084402094E-03
+20.5000E-09,+134.1978607889E-03,-74.4801737709E-03
+21.0000E-09,+131.4654487578E-03,-83.7452490486E-03
+21.5000E-09,+128.8900719010E-03,-93.0103243263E-03
+22.0000E-09,+125.4667051035E-03,-102.7465051265E-03
+22.5000E-09,+122.6714790028E-03,-110.9908517719E-03
+23.0000E-09,+118.7455996478E-03,-119.7848215269E-03
+23.5000E-09,+115.2908258155E-03,-128.3432385207E-03
+24.0000E-09,+111.3021323909E-03,-137.2157258629E-03
+24.5000E-09,+107.4390671056E-03,-145.5385900953E-03
+25.0000E-09,+103.0106751932E-03,-153.3118312181E-03
+25.5000E-09,+98.5822832809E-03,-161.3991426893E-03
+26.0000E-09,+94.1852984033E-03,-169.0153486379E-03
+26.5000E-09,+89.2229868987E-03,-176.4745194122E-03
+27.0000E-09,+83.9466050457E-03,-183.6981374253E-03
+27.5000E-09,+78.8586654017E-03,-190.4506499158E-03
+28.0000E-09,+73.7079116880E-03,-196.4965041224E-03
+28.5000E-09,+68.0546454169E-03,-202.3853231548E-03
+29.0000E-09,+62.6212283897E-03,-208.5882125356E-03
+29.5000E-09,+57.0621832231E-03,-213.2207501745E-03
+30.0000E-09,+50.6551481158E-03,-218.6384636843E-03
+30.5000E-09,+44.9704748099E-03,-223.1139661489E-03
+31.0000E-09,+39.3172085387E-03,-227.5894686136E-03
+31.5000E-09,+32.9729875012E-03,-231.4368303814E-03
+32.0000E-09,+26.5973594287E-03,-235.0486393879E-03
+32.5000E-09,+20.3473594957E-03,-237.7182373493E-03
+33.0000E-09,+14.4742439807E-03,-239.6026594397E-03
+33.5000E-09,+8.1928370128E-03,-241.2515287688E-03
+34.0000E-09,+1.6287667313E-03,-243.6855739688E-03
+34.5000E-09,-4.8096754108E-03,-245.4914784721E-03
+35.0000E-09,-11.0596753438E-03,-246.9833126270E-03
+35.5000E-09,-17.1526401027E-03,-247.6899709109E-03
+36.0000E-09,-23.7795244538E-03,-248.6321819560E-03
+36.5000E-09,-29.9981173520E-03,-248.4751467819E-03
+37.0000E-09,-36.3423383896E-03,-248.9462523044E-03
+37.5000E-09,-42.3410820440E-03,-248.4751467819E-03
+38.0000E-09,-48.3398256983E-03,-247.0618302141E-03
+38.5000E-09,-54.5270115617E-03,-245.3344432979E-03
+39.0000E-09,-60.4943481812E-03,-243.6070563817E-03
+39.5000E-09,-66.3360566613E-03,-241.6441167043E-03
+40.0000E-09,-72.2091721763E-03,-237.6397197623E-03
+40.5000E-09,-77.8938454823E-03,-235.5982624977E-03
+41.0000E-09,-82.8875640218E-03,-232.5360766008E-03
+41.5000E-09,-88.1953529096E-03,-229.1598203556E-03
+42.0000E-09,-93.5659558672E-03,-224.9198706523E-03
+42.5000E-09,-98.4654533022E-03,-219.6591923166E-03
+43.0000E-09,-103.3963577720E-03,-215.9688657230E-03
+43.5000E-09,-107.9189707889E-03,-211.6503984326E-03
+44.0000E-09,-112.4101767709E-03,-206.7823080324E-03
+44.5000E-09,-116.5244983349E-03,-199.4016548452E-03
+45.0000E-09,-120.4503776898E-03,-193.3558006386E-03
+45.5000E-09,-124.3134429751E-03,-187.0743936707E-03
+46.0000E-09,-127.8310308771E-03,-179.8507756576E-03
+46.5000E-09,-131.4742469185E-03,-172.4701224703E-03
+47.0000E-09,-134.3636941237E-03,-164.6183637604E-03
+47.5000E-09,-137.5358046425E-03,-156.6880874635E-03
+48.0000E-09,-140.3938448129E-03,-148.6792935794E-03
+48.5000E-09,-142.7807794607E-03,-139.8068062372E-03
+49.0000E-09,-144.7908296905E-03,-131.6409771790E-03
+49.5000E-09,-146.7380658505E-03,-121.5122084432E-03
+50.0000E-09,-148.2141964880E-03,-112.7967562753E-03
+50.5000E-09,-150.0358045086E-03,-103.3746458234E-03
+51.0000E-09,-151.0722366584E-03,-94.4236408942E-03
+51.5000E-09,-152.1714828777E-03,-84.4519073326E-03
+52.0000E-09,-152.7682165397E-03,-74.4801737711E-03
+52.5000E-09,-152.9880657836E-03,-64.6654753837E-03
+53.0000E-09,-152.8938446791E-03,-55.4004001061E-03
+53.5000E-09,-152.8624376442E-03,-44.7220082607E-03
+54.0000E-09,-152.4227391565E-03,-34.5147219378E-03
+54.5000E-09,-151.2606788674E-03,-24.7785411376E-03
+55.0000E-09,-150.2242467177E-03,-14.1786668792E-03
+55.5000E-09,-148.8423371848E-03,-5.0706267758E-03
+56.0000E-09,-147.0835432338E-03,+5.7648002438E-03
+56.5000E-09,-145.3247492827E-03,+14.8728403473E-03
+57.0000E-09,-143.2832920182E-03,+25.3156794314E-03
+57.5000E-09,-140.5822870220E-03,+34.5022371220E-03
+58.0000E-09,-138.0383172000E-03,+43.7673123997E-03
+58.5000E-09,-135.3373122038E-03,+53.7390459612E-03
+59.0000E-09,-132.1337946502E-03,+62.6900508905E-03
+59.5000E-09,-128.8674630269E-03,+72.1906789294E-03
+60.0000E-09,-125.0672118113E-03,+80.1209552264E-03
+60.5000E-09,-121.3925887351E-03,+89.3075129169E-03
+61.0000E-09,-117.2154531014E-03,+97.9444474978E-03
+61.5000E-09,-113.2895737465E-03,+106.5028644916E-03
+62.0000E-09,-108.6099255554E-03,+115.5323870079E-03
+62.5000E-09,-104.4013828869E-03,+122.2848994984E-03
+63.0000E-09,-99.5018854519E-03,+131.5499747761E-03
+63.5000E-09,-94.5395739473E-03,+138.9306279634E-03
+64.0000E-09,-89.7342976168E-03,+144.9764821700E-03
+64.5000E-09,-84.5835439032E-03,+153.4563815766E-03
+65.0000E-09,-79.2757550153E-03,+159.1881654349E-03
+65.5000E-09,-73.8109309532E-03,+165.7836427511E-03
+66.0000E-09,-68.2832928215E-03,+171.4369090223E-03
+66.5000E-09,-62.7242476549E-03,+176.7761049450E-03
+67.0000E-09,-56.7883180702E-03,+181.7227129322E-03
+67.5000E-09,-50.9152025552E-03,+186.6693209194E-03
+68.0000E-09,-45.2305292493E-03,+190.2026123389E-03
+68.5000E-09,-39.1375644904E-03,+193.6573861712E-03
+69.0000E-09,-32.6363082786E-03,+197.4262303520E-03
+69.5000E-09,-26.3863083456E-03,+200.7239690101E-03
+70.0000E-09,-20.3247506216E-03,+203.8646724941E-03
+70.5000E-09,-13.8549014446E-03,+205.9061297586E-03
+71.0000E-09,-7.5420874419E-03,+206.9268583909E-03
+71.5000E-09,-1.4177156482E-03,+207.7905518490E-03
+72.0000E-09,+4.7380631804E-03,+208.3401749587E-03
+72.5000E-09,+10.5169575908E-03,+208.3401749587E-03
+73.0000E-09,+17.2380630465E-03,+208.8112804813E-03
+73.5000E-09,+23.2996207705E-03,+208.4972101329E-03
+74.0000E-09,+28.9214800068E-03,+208.2616573716E-03
+74.5000E-09,+34.6375603476E-03,+207.7905518490E-03
+75.0000E-09,+40.6991180716E-03,+206.3772352813E-03
+75.5000E-09,+46.6350476563E-03,+204.8854011264E-03
+76.0000E-09,+51.8800224745E-03,+203.4720845586E-03
+76.5000E-09,+57.9415801985E-03,+201.6661800553E-03
+77.0000E-09,+62.9038917031E-03,+198.0543710488E-03
+77.5000E-09,+68.5885650091E-03,+193.6573861713E-03
+78.0000E-09,+74.0847961060E-03,+190.5952002744E-03
+78.5000E-09,+78.7016302274E-03,+187.0619088550E-03
+79.0000E-09,+84.2606753940E-03,+182.2723360420E-03
+79.5000E-09,+89.1601728290E-03,+177.6397984031E-03
+80.0000E-09,+94.0910772988E-03,+171.7509793707E-03
+80.5000E-09,+99.0219817686E-03,+166.4903010351E-03
+81.0000E-09,+103.1363033325E-03,+160.6799995898E-03
+81.5000E-09,+107.6903233843E-03,+154.2415574477E-03
+82.0000E-09,+111.7104238437E-03,+147.8816328927E-03
+82.5000E-09,+115.6677102335E-03,+140.8150500538E-03
+83.0000E-09,+119.4993684839E-03,+133.1203265182E-03
+83.5000E-09,+122.8285141769E-03,+125.2685678083E-03
+84.0000E-09,+126.4717302183E-03,+117.7308794468E-03
+84.5000E-09,+129.0785141100E-03,+109.7220855627E-03
+85.0000E-09,+131.7167050365E-03,+101.0851509819E-03
+85.5000E-09,+134.4491170675E-03,+93.2333922720E-03
+86.0000E-09,+136.7104235760E-03,+84.5179401040E-03
+86.5000E-09,+138.3749964225E-03,+75.8024879361E-03
+87.0000E-09,+140.3536396174E-03,+65.9092719616E-03
+87.5000E-09,+141.8611772897E-03,+57.1153022066E-03
+88.0000E-09,+142.5835390910E-03,+46.9865334708E-03
+88.5000E-09,+143.1488657181E-03,+37.9570109545E-03
+89.0000E-09,+143.8084134497E-03,+28.4563829155E-03
+89.5000E-09,+144.1224837981E-03,+18.6416845282E-03
+90.0000E-09,+144.1224837981E-03,+9.1410564892E-03
+90.5000E-09,+144.0282626936E-03,-673.6418981E-06
+91.0000E-09,+143.6827853104E-03,-10.8809282209E-03
+91.5000E-09,+143.2430868226E-03,-20.7741441954E-03
+92.0000E-09,+142.0496194987E-03,-30.8243953440E-03
+92.5000E-09,+140.8561521748E-03,-40.7961289056E-03
+93.0000E-09,+139.1287652587E-03,-50.1397217703E-03
+93.5000E-09,+137.5584135167E-03,-59.9544201577E-03
+94.0000E-09,+135.2342929386E-03,-69.6906009579E-03
+94.5000E-09,+132.9415793953E-03,-78.0134651904E-03
+95.0000E-09,+130.7430869565E-03,-88.1422339261E-03
+95.5000E-09,+128.0420819603E-03,-96.3080629844E-03
+96.0000E-09,+124.8385644067E-03,-106.9864548298E-03
+96.5000E-09,+121.4780116789E-03,-115.2308014752E-03
+97.0000E-09,+117.8976097072E-03,-124.1818064045E-03
+97.5000E-09,+114.3486147703E-03,-132.1120827014E-03
+98.0000E-09,+110.0144439625E-03,-141.4556755662E-03
+98.5000E-09,+105.9315294333E-03,-149.7785397987E-03
+99.0000E-09,+101.0948460680E-03,-157.1591929859E-03
+99.5000E-09,+97.0119315389E-03,-165.0109516958E-03
+100.0000E-09,+91.7041426510E-03,-173.0982631670E-03
+100.5000E-09,+86.7418311464E-03,-179.7722580704E-03
+101.0000E-09,+81.9993688856E-03,-186.9958760835E-03
+101.5000E-09,+76.2832885448E-03,-193.3558006385E-03
+102.0000E-09,+70.9126855873E-03,-198.6949965612E-03
+102.5000E-09,+65.3222333859E-03,-205.0549211162E-03
+103.0000E-09,+59.6375600799E-03,-211.0222577357E-03
+103.5000E-09,+54.2041430527E-03,-215.5762777874E-03
+104.0000E-09,+47.9227360848E-03,-220.6014033618E-03
+104.5000E-09,+41.8611783607E-03,-224.5272827167E-03
+105.0000E-09,+35.9252487761E-03,-229.8664786394E-03
+105.5000E-09,+29.6438418082E-03,-233.4782876460E-03
+106.0000E-09,+23.2053996661E-03,-236.2264031944E-03
+106.5000E-09,+17.3636911859E-03,-239.2100715042E-03
+107.0000E-09,+11.3649475316E-03,-241.4085639430E-03
+107.5000E-09,+4.9579124243E-03,-244.0781619043E-03
+108.0000E-09,-1.5119367526E-03,-245.6485136463E-03
+108.5000E-09,-7.8875648250E-03,-247.2973829754E-03
+109.0000E-09,-14.2631928974E-03,-248.7892171302E-03
+109.5000E-09,-20.5131928305E-03,-248.9462523044E-03
+110.0000E-09,-26.8574138681E-03,-248.4751467819E-03
+110.5000E-09,-33.1388208360E-03,-248.2395940206E-03
+111.0000E-09,-39.3574137342E-03,-248.2395940206E-03
+111.5000E-09,-45.1363081447E-03,-247.2973829754E-03
+112.0000E-09,-51.3549010429E-03,-245.1774081237E-03
+112.5000E-09,-57.6049009760E-03,-243.6070563817E-03
+113.0000E-09,-63.2895742819E-03,-241.6441167043E-03
+113.5000E-09,-69.1312827621E-03,-239.6811770268E-03
+114.0000E-09,-74.9729912422E-03,-237.6397197622E-03
+114.5000E-09,-79.9667097817E-03,-234.6560514525E-03
+115.0000E-09,-85.5571619831E-03,-231.9864534911E-03
+115.5000E-09,-90.8649508710E-03,-227.9035389620E-03
+116.0000E-09,-95.7330412711E-03,-224.0561771942E-03
+116.5000E-09,-100.5069105667E-03,-219.4236395554E-03
+117.0000E-09,-105.3435939320E-03,-213.9274084584E-03
+117.5000E-09,-109.9604280534E-03,-209.6874587551E-03
+118.0000E-09,-114.1689707219E-03,-203.5630869614E-03
+118.5000E-09,-118.4717344949E-03,-197.1246448193E-03
+119.0000E-09,-122.1149505363E-03,-191.3928609611E-03
+119.5000E-09,-126.1978650654E-03,-184.3262781222E-03
+120.0000E-09,-129.5898248281E-03,-176.0819314769E-03
+120.5000E-09,-132.8247494166E-03,-169.4864541606E-03
+121.0000E-09,-135.9340458657E-03,-161.0065547539E-03
+121.5000E-09,-138.5094227225E-03,-153.2333136311E-03
+122.0000E-09,-141.2418347536E-03,-145.6956252696E-03
+122.5000E-09,-143.6915834711E-03,-135.7238917081E-03
+123.0000E-09,-145.8900759098E-03,-127.9506505853E-03
+123.5000E-09,-147.4918346867E-03,-118.8426104819E-03
+124.0000E-09,-148.9365582893E-03,-108.7138417461E-03
+124.5000E-09,-150.2242467177E-03,-99.6843192298E-03
+125.0000E-09,-151.2606788674E-03,-90.1836911908E-03
+125.5000E-09,-151.9202265990E-03,-80.2904752164E-03
+126.0000E-09,-152.6111813655E-03,-71.4179878742E-03
+126.5000E-09,-152.9566587487E-03,-60.8966312030E-03
+127.0000E-09,-153.1136939229E-03,-50.2967569447E-03
+127.5000E-09,-152.4855532261E-03,-41.7383399509E-03
+128.0000E-09,-151.7945984597E-03,-30.4318074087E-03
+128.5000E-09,-150.8523874145E-03,-21.5593200665E-03
+129.0000E-09,-149.2192216028E-03,-11.3520337437E-03
+129.5000E-09,-147.7744980002E-03,-830.6770724E-06
+130.0000E-09,-146.1099251537E-03,+8.8269861407E-03
+130.5000E-09,-144.5081663769E-03,+18.7202021152E-03
+131.0000E-09,-142.1526387640E-03,+28.6919356767E-03
+131.5000E-09,-139.2945985936E-03,+38.1925637156E-03
+132.0000E-09,-136.9704780154E-03,+47.4576389933E-03
+132.5000E-09,-133.7041463921E-03,+57.1938197935E-03
+133.0000E-09,-130.4064077340E-03,+66.3803774841E-03
+133.5000E-09,-127.1086690758E-03,+75.0958296521E-03
+134.0000E-09,-123.4340459996E-03,+84.6749752781E-03
+134.5000E-09,-119.3197244357E-03,+92.8408043364E-03
+135.0000E-09,-115.7393224639E-03,+101.7918092656E-03
+135.5000E-09,-111.1538953774E-03,+110.2717086723E-03
+136.0000E-09,-107.0395738134E-03,+118.5945729048E-03
+136.5000E-09,-102.3913326572E-03,+126.8389195502E-03
+137.0000E-09,-97.4918352222E-03,+134.1410551503E-03
+137.5000E-09,-92.7179659266E-03,+142.5424369699E-03
+138.0000E-09,-87.4415840736E-03,+148.9023615249E-03
+138.5000E-09,-82.4164584992E-03,+155.2622860799E-03
+139.0000E-09,-77.0458555417E-03,+161.7792458091E-03
+139.5000E-09,-71.6752525841E-03,+167.9821351899E-03
+140.0000E-09,-65.6451018950E-03,+173.6354014610E-03
+140.5000E-09,-59.8348004496E-03,+179.2886677321E-03
+141.0000E-09,-54.0244990043E-03,+183.9212053710E-03
+141.5000E-09,-48.1827905242E-03,+188.2396726614E-03
+142.0000E-09,-41.9013835563E-03,+191.4588937325E-03
+142.5000E-09,-35.4943484490E-03,+195.9343961971E-03
+143.0000E-09,-29.7468610734E-03,+199.7032403778E-03
+143.5000E-09,-23.2456048616E-03,+202.4513559263E-03
+144.0000E-09,-16.8071627195E-03,+204.5713307780E-03
+144.5000E-09,-10.9654542394E-03,+205.9846473458E-03
+145.0000E-09,-4.4956050624E-03,+206.5342704554E-03
+145.5000E-09,+1.5031385919E-03,+207.5549990877E-03
+146.0000E-09,+7.6903244553E-03,+208.1831397845E-03
+146.5000E-09,+13.7832892142E-03,+208.4972101329E-03
+147.0000E-09,+19.7820328685E-03,+207.9475870232E-03
+147.5000E-09,+25.8749976274E-03,+207.3194463264E-03
+148.0000E-09,+31.8423342469E-03,+207.1624111522E-03
+148.5000E-09,+37.6526356922E-03,+206.6127880426E-03
+149.0000E-09,+43.3687160330E-03,+205.8276121716E-03
+149.5000E-09,+49.1162034086E-03,+204.0217076683E-03
+150.0000E-09,+54.8950978191E-03,+202.6869086876E-03
+150.5000E-09,+60.3599218811E-03,+200.0958283134E-03
+151.0000E-09,+66.0131881522E-03,+196.8766072423E-03
+151.5000E-09,+71.2581629704E-03,+192.7151751261E-03
+152.0000E-09,+76.3146955796E-03,+188.2396726615E-03
+152.5000E-09,+81.8423337114E-03,+184.3923108936E-03
+153.0000E-09,+86.8360522508E-03,+180.7019843000E-03
+153.5000E-09,+91.5785145116E-03,+175.3627883773E-03
+154.0000E-09,+96.6664541556E-03,+169.6310045191E-03
+154.5000E-09,+101.0634390331E-03,+163.8207030738E-03
+155.0000E-09,+105.6802731546E-03,+157.7748488672E-03
+155.5000E-09,+109.7003736140E-03,+151.1008539638E-03
+156.0000E-09,+113.9089162825E-03,+143.7202007765E-03
+156.5000E-09,+117.6463534284E-03,+137.5173113957E-03
+157.0000E-09,+121.6036398182E-03,+129.5870350987E-03
+157.5000E-09,+124.8385644067E-03,+122.0493467372E-03
+158.0000E-09,+127.6023834725E-03,+114.2761056145E-03
+158.5000E-09,+130.6802728868E-03,+104.7754775755E-03
+159.0000E-09,+133.3184638133E-03,+96.4526133430E-03
+159.5000E-09,+135.5483632869E-03,+88.6008546332E-03
+160.0000E-09,+137.2757502031E-03,+78.5506034845E-03
+160.5000E-09,+139.7883129903E-03,+70.3847744262E-03
+161.0000E-09,+141.3272576974E-03,+61.8263574325E-03
+161.5000E-09,+142.3008757774E-03,+51.8546238709E-03
+162.0000E-09,+143.0860516484E-03,+42.8251013546E-03
+162.5000E-09,+143.6827853104E-03,+32.7748502060E-03
+163.0000E-09,+144.1224837981E-03,+23.7453276896E-03
+163.5000E-09,+144.3109260072E-03,+13.0669358442E-03
+164.0000E-09,+144.3109260072E-03,+4.6655540246E-03
+164.5000E-09,+144.0596697285E-03,-5.9343202337E-03
+165.0000E-09,+143.4315290317E-03,-14.8853251630E-03
+165.5000E-09,+142.6463531607E-03,-26.2703752923E-03
+166.0000E-09,+141.8611772897E-03,-35.3784153958E-03
+166.5000E-09,+140.2594185129E-03,-45.5857017186E-03
+167.0000E-09,+138.6262527012E-03,-55.0863297576E-03
+167.5000E-09,+136.6790165412E-03,-64.0373346868E-03
+168.0000E-09,+134.4177100327E-03,-73.6949979000E-03
+168.5000E-09,+132.0935894546E-03,-82.9600731776E-03
+169.0000E-09,+129.7066548068E-03,-92.1466308682E-03
+169.5000E-09,+126.4403231835E-03,-101.4117061458E-03
+170.0000E-09,+123.5822830131E-03,-109.9701231396E-03
+170.5000E-09,+120.0018810414E-03,-119.4707511785E-03
+171.0000E-09,+116.5471072091E-03,-126.5373340174E-03
+171.5000E-09,+112.4641926799E-03,-136.8231379274E-03
+172.0000E-09,+108.4754992553E-03,-143.4971328308E-03
+172.5000E-09,+104.0471073429E-03,-152.8407256955E-03
+173.0000E-09,+99.3360521170E-03,-160.2213788828E-03
+173.5000E-09,+94.5307757866E-03,-167.9161024185E-03
+174.0000E-09,+89.6626853865E-03,-175.5323083671E-03
+174.5000E-09,+84.3863035334E-03,-182.8344439673E-03
+175.0000E-09,+79.3611779591E-03,-189.5869564578E-03
+175.5000E-09,+74.0847961061E-03,-195.7898458386E-03
+176.0000E-09,+68.3059016956E-03,-201.2075593484E-03
+176.5000E-09,+62.8096705987E-03,-208.1171070131E-03
+177.0000E-09,+57.2506254321E-03,-213.9274084584E-03
+177.5000E-09,+51.5345450913E-03,-218.1673581617E-03
+178.0000E-09,+45.5672084718E-03,-222.4073078651E-03
+178.5000E-09,+39.6626859220E-03,-227.9035389620E-03
+179.0000E-09,+33.4755000586E-03,-231.7509007298E-03
+179.5000E-09,+26.9428368120E-03,-234.4990162783E-03
+180.0000E-09,+20.8498720531E-03,-237.0115790654E-03
+180.5000E-09,+14.5998721200E-03,-239.9167297881E-03
+181.0000E-09,+8.4440932915E-03,-242.4292925752E-03
+181.5000E-09,+2.0684652191E-03,-244.1566794914E-03
+182.0000E-09,-4.2443487837E-03,-246.1196191689E-03
+182.5000E-09,-10.6199768561E-03,-247.2973829754E-03
+183.0000E-09,-16.8699767891E-03,-248.5536643690E-03
+183.5000E-09,-23.1199767222E-03,-249.4173578270E-03
+184.0000E-09,-29.3071625856E-03,-249.7314281754E-03
+184.5000E-09,-35.4629414141E-03,-249.0247698916E-03
+185.0000E-09,-41.7443483820E-03,-248.2395940206E-03
+185.5000E-09,-47.7430920364E-03,-246.9047950399E-03
+186.0000E-09,-54.3385693527E-03,-245.0988905366E-03
+186.5000E-09,-60.3373130070E-03,-243.7640915559E-03
+187.0000E-09,-65.7079159646E-03,-241.3300463559E-03
+187.5000E-09,-71.8636947931E-03,-239.2885890913E-03
+188.0000E-09,-77.6425892036E-03,-237.3256494138E-03
+188.5000E-09,-82.7305288476E-03,-234.9701218009E-03
+189.0000E-09,-88.1011318051E-03,-232.5360766008E-03
+189.5000E-09,-93.1262573795E-03,-227.5109510265E-03
+190.0000E-09,-98.1827899886E-03,-222.4858254522E-03
+190.5000E-09,-102.9880663191E-03,-217.7747702263E-03
+191.0000E-09,-107.6049004405E-03,-213.6918556971E-03
+191.5000E-09,-112.0332923528E-03,-206.8608256195E-03
+192.0000E-09,-116.0219857775E-03,-200.8934890000E-03
+192.5000E-09,-120.4189706550E-03,-195.0831875547E-03
+193.0000E-09,-124.2192218706E-03,-187.7810519545E-03
+193.5000E-09,-127.6739957029E-03,-180.1648460060E-03
+194.0000E-09,-131.0973625004E-03,-172.8627104058E-03
+194.5000E-09,-134.5207292979E-03,-165.3250220443E-03
+195.0000E-09,-137.1903272593E-03,-157.0021578118E-03
+195.5000E-09,-139.9855533600E-03,-149.0718815149E-03
+196.0000E-09,-142.4038950427E-03,-140.2779117598E-03
+196.5000E-09,-145.1049000388E-03,-131.3269068305E-03
+197.0000E-09,-146.8322869550E-03,-122.6899722497E-03
+197.5000E-09,-148.3712316622E-03,-112.6397211010E-03
+198.0000E-09,-150.0043974738E-03,-103.5316809976E-03
+198.5000E-09,-151.1036436932E-03,-93.9525353715E-03
+199.0000E-09,-152.2657039823E-03,-84.8444952681E-03
+199.5000E-09,-152.8938446791E-03,-74.8727617065E-03
+200.0000E-09,-153.3335431668E-03,-66.1573095386E-03
+200.5000E-09,-153.2707290971E-03,-54.8507769964E-03
+201.0000E-09,-152.8938446791E-03,-45.6642193058E-03
+201.5000E-09,-152.3913321216E-03,-35.2998978088E-03
+202.0000E-09,-151.6061562506E-03,-25.1711290730E-03
+202.5000E-09,-150.4755029964E-03,-14.8853251631E-03
+203.0000E-09,-148.8423371848E-03,-5.9343202338E-03
+203.5000E-09,-147.5860557912E-03,+4.2729660890E-03
+204.0000E-09,-146.0157040492E-03,+13.9306293022E-03
+204.5000E-09,-143.6287694014E-03,+23.7453276895E-03
+205.0000E-09,-141.2418347536E-03,+33.3244733156E-03
+205.5000E-09,-139.0747493497E-03,+42.5110310061E-03
+206.0000E-09,-135.8084177264E-03,+52.9538700902E-03
+206.5000E-09,-133.2016338347E-03,+61.5908046711E-03
+207.0000E-09,-129.4013826191E-03,+71.5625382326E-03
+207.5000E-09,-125.7895736126E-03,+79.4928145296E-03
+208.0000E-09,-122.2091716409E-03,+89.5430656783E-03
+208.5000E-09,-118.0948500769E-03,+97.9444474978E-03
+209.0000E-09,-113.8549003736E-03,+105.9532413819E-03
+209.5000E-09,-109.7405788096E-03,+115.0612814854E-03
+210.0000E-09,-104.5898250959E-03,+122.1278643243E-03
+210.5000E-09,-100.3184683577E-03,+131.3144220148E-03
+211.0000E-09,-95.1991216789E-03,+137.6743465698E-03
+211.5000E-09,-90.1425890697E-03,+144.2698238861E-03
+212.0000E-09,-85.1488705303E-03,+152.2786177702E-03
+212.5000E-09,-80.0295238514E-03,+157.9318840413E-03
+213.0000E-09,-74.3134435106E-03,+163.4281151382E-03
+213.5000E-09,-69.0998757273E-03,+170.2591452158E-03
+214.0000E-09,-63.3209813168E-03,+175.5983411385E-03
+214.5000E-09,-57.4478658018E-03,+180.8590194741E-03
+215.0000E-09,-51.4491221475E-03,+185.8056274614E-03
+215.5000E-09,-45.8272629112E-03,+189.4174364679E-03
+216.0000E-09,-39.6714840827E-03,+193.1862806487E-03
+216.5000E-09,-33.5471122890E-03,+197.4262303520E-03
+217.0000E-09,-27.0458560772E-03,+201.5091448811E-03
+217.5000E-09,-20.5760069002E-03,+203.9431900812E-03
+218.0000E-09,-14.2945999323E-03,+205.8276121716E-03
+218.5000E-09,-8.1702281386E-03,+207.3194463264E-03
+219.0000E-09,-1.7317859965E-03,+208.1046221974E-03
+219.5000E-09,+4.5182139365E-03,+208.5757277200E-03
+220.0000E-09,+10.3285153818E-03,+209.2038684168E-03
+220.5000E-09,+16.7983645588E-03,+209.2038684168E-03
+221.0000E-09,+22.7657011783E-03,+208.8897980684E-03
+221.5000E-09,+28.5131885539E-03,+208.1831397845E-03
+222.0000E-09,+34.5747462779E-03,+207.4764815006E-03
+222.5000E-09,+40.2594195839E-03,+206.4557528684E-03
+223.0000E-09,+45.8184647505E-03,+205.4350242361E-03
+223.5000E-09,+51.5659521261E-03,+204.4928131909E-03
+224.0000E-09,+57.1564043275E-03,+201.9017328166E-03
+224.5000E-09,+62.8410776335E-03,+199.2321348553E-03
+225.0000E-09,+67.9604243123E-03,+195.1492203261E-03
+225.5000E-09,+73.4880624441E-03,+191.4588937325E-03
+226.0000E-09,+78.4817809836E-03,+188.2396726614E-03
+226.5000E-09,+84.1036402198E-03,+183.6071350226E-03
+227.0000E-09,+88.8461024806E-03,+179.0531149709E-03
+227.5000E-09,+93.9026350897E-03,+173.7139190482E-03
+228.0000E-09,+98.2368058976E-03,+167.0399241448E-03
+228.5000E-09,+102.8850470539E-03,+162.4073865060E-03
+229.0000E-09,+107.4390671056E-03,+155.4193212542E-03
+229.5000E-09,+111.2393183212E-03,+148.2742208282E-03
+230.0000E-09,+115.5106750593E-03,+142.2283666216E-03
+230.5000E-09,+119.1224840659E-03,+133.7484672149E-03
+231.0000E-09,+123.0169563860E-03,+126.4463316147E-03
+231.5000E-09,+125.9064035912E-03,+119.6153015371E-03
+232.0000E-09,+129.1413281797E-03,+110.2717086724E-03
+232.5000E-09,+131.8737402107E-03,+102.4199499625E-03
+233.0000E-09,+134.1664537540E-03,+92.9978395107E-03
+233.5000E-09,+136.5219813670E-03,+84.7534928653E-03
+234.0000E-09,+139.0345441541E-03,+75.8810055231E-03
+234.5000E-09,+140.4478607219E-03,+67.2440709423E-03
+235.0000E-09,+141.7041421155E-03,+57.5864077291E-03
+235.5000E-09,+142.8347953697E-03,+49.1065083225E-03
+236.0000E-09,+143.5257501362E-03,+38.8207044125E-03
+236.5000E-09,+143.9968556588E-03,+29.5556291349E-03
+237.0000E-09,+144.3109260072E-03,+19.8194483346E-03
+237.5000E-09,+144.4051471117E-03,+10.0047499473E-03
+238.0000E-09,+144.0596697285E-03,+582.6394954E-06
+238.5000E-09,+143.6827853104E-03,-9.2320588919E-03
+239.0000E-09,+143.1174586833E-03,-19.6748979761E-03
+239.5000E-09,+142.3950968820E-03,-28.8614556666E-03
+240.0000E-09,+141.1388154884E-03,-39.2257771636E-03
+240.5000E-09,+139.5370567116E-03,-48.5693700284E-03
+241.0000E-09,+137.6840416560E-03,-58.6981387641E-03
+241.5000E-09,+135.6425843915E-03,-68.2772843902E-03
+242.0000E-09,+133.3184638133E-03,-77.9349476033E-03
+242.5000E-09,+130.8059010262E-03,-87.2785404681E-03
+243.0000E-09,+127.6966045771E-03,-96.3865805715E-03
+243.5000E-09,+124.9955995809E-03,-105.4946206750E-03
+244.0000E-09,+121.9177101666E-03,-114.5241431914E-03
+244.5000E-09,+117.7091674981E-03,-123.5536657077E-03
+245.0000E-09,+114.6940921535E-03,-131.7194947660E-03
+245.5000E-09,+110.2971072760E-03,-140.9845700436E-03
+246.0000E-09,+105.9943435030E-03,-147.9726352954E-03
+246.5000E-09,+101.7229867648E-03,-156.9236402247E-03
+247.0000E-09,+96.7920822950E-03,-163.9117054765E-03
+247.5000E-09,+92.2694692781E-03,-171.7634641864E-03
+248.0000E-09,+87.3385648083E-03,-179.7722580704E-03
+248.5000E-09,+82.0621829553E-03,-186.3677353867E-03
+249.0000E-09,+76.4717307539E-03,-192.7276599417E-03
+249.5000E-09,+71.0069066918E-03,-199.0090669096E-03
+250.0000E-09,+66.0445951871E-03,-204.5052980065E-03
+250.5000E-09,+60.0458515328E-03,-210.6296698002E-03
+251.0000E-09,+53.9842938088E-03,-215.4977602004E-03
+251.5000E-09,+48.5508767815E-03,-220.4443681876E-03
+252.0000E-09,+42.5207260924E-03,-224.9198706522E-03
+252.5000E-09,+36.3021331941E-03,-228.9242675943E-03
+253.0000E-09,+30.1777614004E-03,-232.6931117750E-03
+253.5000E-09,+24.1790177461E-03,-235.4412273235E-03
+254.0000E-09,+18.0546459524E-03,-238.8960011558E-03
+254.5000E-09,+11.5533897406E-03,-241.4085639430E-03
+255.0000E-09,+5.2719827727E-03,-243.6855739688E-03
+255.5000E-09,-1.0408312300E-03,-245.2559257108E-03
+256.0000E-09,-7.4478663373E-03,-246.8262774528E-03
+256.5000E-09,-13.5408310962E-03,-247.8470060851E-03
+257.0000E-09,-19.7594239944E-03,-249.0247698915E-03
+257.5000E-09,-26.3234942758E-03,-250.3595688722E-03
+258.0000E-09,-32.3536449650E-03,-250.4380864593E-03
+258.5000E-09,-38.4780167587E-03,-249.2603226528E-03
+259.0000E-09,-44.4139463434E-03,-247.8470060851E-03
+259.5000E-09,-50.6953533113E-03,-246.3551719302E-03
+260.0000E-09,-56.7883180702E-03,-244.9418553624E-03
+260.5000E-09,-62.7242476548E-03,-243.1359508591E-03
+261.0000E-09,-68.2832928214E-03,-240.2308001365E-03
+261.5000E-09,-73.8109309532E-03,-237.5612021751E-03
+262.0000E-09,-79.5584183288E-03,-234.6560514525E-03
+262.5000E-09,-85.1488705302E-03,-232.3005238395E-03
+263.0000E-09,-90.2054031394E-03,-228.0605741362E-03
+263.5000E-09,-95.3875638879E-03,-223.7421068458E-03
+264.0000E-09,-100.0672120790E-03,-219.8947450779E-03
+264.5000E-09,-104.9667095140E-03,-214.0059260455E-03
+265.0000E-09,-109.3008803218E-03,-209.1378356454E-03
+265.5000E-09,-114.0747496174E-03,-203.6416045485E-03
+266.0000E-09,-117.9692219375E-03,-197.2031624064E-03
+266.5000E-09,-121.9265083273E-03,-190.5291675030E-03
+267.0000E-09,-125.6953525080E-03,-183.6196198383E-03
+267.5000E-09,-129.0873122707E-03,-177.0241425220E-03
+268.0000E-09,-132.3222368592E-03,-169.3294189863E-03
+268.5000E-09,-135.6513825522E-03,-161.7132130378E-03
+269.0000E-09,-138.6978649316E-03,-153.7044191537E-03
+269.5000E-09,-140.9905784749E-03,-145.6171076825E-03
+270.0000E-09,-143.5973623666E-03,-137.2157258630E-03
+270.5000E-09,-145.7330407356E-03,-127.8721329982E-03
+271.0000E-09,-147.2719854428E-03,-119.3922335915E-03
+271.5000E-09,-148.8109301499E-03,-110.1271583139E-03
+272.0000E-09,-150.3812818919E-03,-100.6265302749E-03
+272.5000E-09,-151.6061562506E-03,-91.0473846489E-03
+273.0000E-09,-152.2971110171E-03,-80.5260279777E-03
+273.5000E-09,-152.7054024700E-03,-70.9468823516E-03
+274.0000E-09,-152.9880657836E-03,-60.6610784417E-03
+274.5000E-09,-152.9880657836E-03,-51.1604504027E-03
+275.0000E-09,-152.6111813655E-03,-40.8746464928E-03
+275.5000E-09,-151.8260054945E-03,-31.1384656925E-03
+276.0000E-09,-150.6953522403E-03,-20.7741441955E-03
+276.5000E-09,-149.4076638119E-03,-10.8809282211E-03
+277.0000E-09,-148.0571613138E-03,-1.8514057047E-03
+277.5000E-09,-146.4239955021E-03,+9.0625389020E-03
+278.0000E-09,-144.5709804466E-03,+18.0920614184E-03
+278.5000E-09,-142.1212317291E-03,+27.7497246315E-03
+279.0000E-09,-139.8913322555E-03,+37.7999757802E-03
+279.5000E-09,-137.0961061548E-03,+47.5361565804E-03
+280.0000E-09,-134.1752519147E-03,+57.7434429033E-03
+280.5000E-09,-131.0345484308E-03,+65.6737192002E-03
+281.0000E-09,-127.6111816333E-03,+75.6454527618E-03
+281.5000E-09,-124.0307796616E-03,+84.3609049297E-03
+282.0000E-09,-120.0420862370E-03,+93.3119098590E-03
+282.5000E-09,-115.9905787427E-03,+102.1843972012E-03
+283.0000E-09,-111.9076642135E-03,+110.9783669562E-03
+283.5000E-09,-106.9767597437E-03,+118.4375377306E-03
+284.0000E-09,-102.9566592843E-03,+126.6818843760E-03
+284.5000E-09,-98.1513829538E-03,+135.0047486084E-03
+285.0000E-09,-93.2204784840E-03,+141.5217083376E-03
+285.5000E-09,-87.5672122129E-03,+148.5097735894E-03
+286.0000E-09,-82.8247499521E-03,+156.2044971251E-03
+286.5000E-09,-77.6111821688E-03,+161.9362809833E-03
+287.0000E-09,-72.0207299674E-03,+167.8251000157E-03
+287.5000E-09,-66.4616848008E-03,+173.1642959385E-03
+288.0000E-09,-60.8084185297E-03,+178.4249742741E-03
+288.5000E-09,-54.7154537708E-03,+183.6071350226E-03
+289.0000E-09,-49.0307804648E-03,+187.6900495517E-03
+289.5000E-09,-42.9378157060E-03,+190.9092706228E-03
+290.0000E-09,-36.7192228078E-03,+195.3847730874E-03
+290.5000E-09,-30.5634439792E-03,+199.1536172681E-03
+291.0000E-09,-24.2192229416E-03,+202.2158031650E-03
+291.5000E-09,-17.8121878344E-03,+204.4142956038E-03
+292.0000E-09,-11.5621879013E-03,+205.9846473458E-03
+292.5000E-09,-5.5006301773E-03,+207.1624111522E-03
+293.0000E-09,+717.9627209E-06,+208.4972101329E-03
+293.5000E-09,+7.2192189327E-03,+209.0468332426E-03
+294.0000E-09,+13.0923344477E-03,+209.7534915265E-03
+294.5000E-09,+19.0596710672E-03,+209.9105267007E-03
+295.0000E-09,+25.0898217564E-03,+209.3609035910E-03
+295.5000E-09,+31.3712287243E-03,+208.8897980684E-03
+296.0000E-09,+36.8988668560E-03,+207.6335166748E-03
+296.5000E-09,+42.5521331271E-03,+206.2987176942E-03
+297.0000E-09,+48.5194697466E-03,+205.9061297587E-03
+297.5000E-09,+54.3611782268E-03,+203.1580142102E-03
+298.0000E-09,+59.4805249056E-03,+199.4676876166E-03
+298.5000E-09,+65.0395700722E-03,+196.5625368939E-03
+299.0000E-09,+70.8498715175E-03,+192.6366575390E-03
+299.5000E-09,+75.8435900570E-03,+188.7107781841E-03
+300.0000E-09,+81.0571578404E-03,+185.4130395259E-03
+300.5000E-09,+86.3649467282E-03,+180.3879139516E-03
+301.0000E-09,+90.9503738148E-03,+175.2842707902E-03
+301.5000E-09,+95.8812782846E-03,+170.3376628030E-03
+302.0000E-09,+100.3410772318E-03,+164.0562558351E-03
+302.5000E-09,+105.0521324578E-03,+158.2459543897E-03
+303.0000E-09,+109.2606751263E-03,+151.6504770735E-03
+303.5000E-09,+113.2807755857E-03,+145.2905525185E-03
+304.0000E-09,+117.5207252890E-03,+138.3024872667E-03
+304.5000E-09,+120.8184639472E-03,+130.5292461439E-03
+305.0000E-09,+124.1790166750E-03,+122.5204522598E-03
+305.5000E-09,+127.6651975422E-03,+114.5901759629E-03
+306.0000E-09,+130.5546447474E-03,+106.4243469046E-03
+306.5000E-09,+133.3498708482E-03,+97.3948243882E-03
+307.0000E-09,+135.5169562521E-03,+90.0141712009E-03
+307.5000E-09,+137.3699713076E-03,+79.7283672910E-03
+308.0000E-09,+139.5370567115E-03,+71.4055030585E-03
+308.5000E-09,+141.2016295580E-03,+61.9048750196E-03
+309.0000E-09,+142.3950968819E-03,+53.8960811355E-03
+309.5000E-09,+143.2116797878E-03,+44.0813827482E-03
+310.0000E-09,+143.8398204846E-03,+34.8948250576E-03
+310.5000E-09,+144.1538908330E-03,+25.0801266703E-03
+311.0000E-09,+144.1852978678E-03,+15.5794986313E-03
+311.5000E-09,+144.1852978678E-03,+5.4507298956E-03
+312.0000E-09,+143.9340415891E-03,-3.6573102079E-03
+312.5000E-09,+143.6199712407E-03,-14.7282899888E-03
+313.0000E-09,+142.8347953697E-03,-23.6007773310E-03
+313.5000E-09,+141.9553983942E-03,-34.2006515893E-03
+314.0000E-09,+140.2594185129E-03,-42.7590685831E-03
+314.5000E-09,+138.7204738057E-03,-53.5944956027E-03
+315.0000E-09,+136.5847954367E-03,-62.1529125964E-03
+315.5000E-09,+134.5433381721E-03,-72.9098220290E-03
+316.0000E-09,+131.9993683501E-03,-81.0756510872E-03
+316.5000E-09,+129.5496196326E-03,-91.4399725843E-03
+317.0000E-09,+126.4089161487E-03,-100.1554247522E-03
+317.5000E-09,+123.2682126647E-03,-108.4782889847E-03
+318.0000E-09,+119.7820317975E-03,-117.7433642624E-03
+318.5000E-09,+116.1702227910E-03,-126.8514043658E-03
+319.0000E-09,+112.1501223315E-03,-135.8809268822E-03
+319.5000E-09,+108.2556500114E-03,-143.8112031792E-03
+320.0000E-09,+104.0471073430E-03,-151.6629618890E-03
+320.5000E-09,+99.7129365351E-03,-161.0850723409E-03
+321.0000E-09,+94.8448461350E-03,-167.3664793088E-03
+321.5000E-09,+89.7569064910E-03,-175.4537907800E-03
+322.0000E-09,+85.3285145786E-03,-182.5988912059E-03
+322.5000E-09,+79.8636905165E-03,-189.1158509351E-03
+323.0000E-09,+74.8699719771E-03,-195.4757754901E-03
+323.5000E-09,+69.2167057060E-03,-201.9142176322E-03
+324.0000E-09,+63.8461027484E-03,-208.5096949485E-03
+324.5000E-09,+58.0043942683E-03,-212.5926094777E-03
+325.0000E-09,+52.3197209623E-03,-217.3036647036E-03
+325.5000E-09,+46.1325350989E-03,-222.2502726908E-03
+326.0000E-09,+40.1651984794E-03,-227.4324334394E-03
+326.5000E-09,+34.1664548251E-03,-231.0442424459E-03
+327.0000E-09,+28.0106759965E-03,-234.0279107557E-03
+327.5000E-09,+21.5094197848E-03,-236.4619559557E-03
+328.0000E-09,+15.2280128169E-03,-239.0530363300E-03
+328.5000E-09,+9.0722339883E-03,-240.8589408333E-03
+329.0000E-09,+2.4767566720E-03,-243.1359508591E-03
+329.5000E-09,-3.6790221565E-03,-245.5699960592E-03
+330.0000E-09,-9.9918361593E-03,-246.9047950399E-03
+330.5000E-09,-16.4616853362E-03,-247.9255236722E-03
+331.0000E-09,-22.7430923041E-03,-249.0247698915E-03
+331.5000E-09,-28.8674640978E-03,-249.4958754141E-03
+332.0000E-09,-35.2116851354E-03,-248.7106995432E-03
+332.5000E-09,-41.3988709988E-03,-247.9255236722E-03
+333.0000E-09,-47.7116850015E-03,-246.7477598657E-03
+333.5000E-09,-53.4591723771E-03,-245.1774081237E-03
+334.0000E-09,-59.7719863799E-03,-243.1359508592E-03
+334.5000E-09,-65.5194737555E-03,-240.8589408333E-03
+335.0000E-09,-71.0785189221E-03,-238.7389659816E-03
+335.5000E-09,-76.6375640887E-03,-235.9908504332E-03
+336.0000E-09,-82.2594233250E-03,-233.6353228202E-03
+336.5000E-09,-87.3787700038E-03,-230.6516545105E-03
+337.0000E-09,-92.7493729614E-03,-226.3331872200E-03
+337.5000E-09,-97.5860563267E-03,-221.5436144070E-03
+338.0000E-09,-102.2657045177E-03,-216.3614536585E-03
+338.5000E-09,-106.8825386391E-03,-211.9644687810E-03
+339.0000E-09,-111.4365586909E-03,-205.9971321615E-03
+339.5000E-09,-115.5822872897E-03,-200.8149714130E-03
+340.0000E-09,-119.9164580975E-03,-194.6905996193E-03
+340.5000E-09,-123.8109304176E-03,-188.4091926514E-03
+341.0000E-09,-127.3913323894E-03,-180.9500218770E-03
+341.5000E-09,-130.6262569778E-03,-173.7264038639E-03
+342.0000E-09,-134.0182167405E-03,-166.9738913734E-03
+342.5000E-09,-137.1903272593E-03,-159.0436150764E-03
+343.0000E-09,-140.1111814994E-03,-150.4851980827E-03
+343.5000E-09,-142.5609302168E-03,-142.2408514373E-03
+344.0000E-09,-144.9164578298E-03,-133.1328113339E-03
+344.5000E-09,-146.9893221292E-03,-123.7107008820E-03
+345.0000E-09,-148.4654527667E-03,-115.3878366495E-03
+345.5000E-09,-149.7217341603E-03,-104.9449975654E-03
+346.0000E-09,-151.2292718326E-03,-95.4443695265E-03
+346.5000E-09,-152.2971110171E-03,-86.4148470101E-03
+347.0000E-09,-153.0194728184E-03,-76.2860782744E-03
+347.5000E-09,-153.4905783410E-03,-66.7069326483E-03
+348.0000E-09,-153.3649502017E-03,-57.2063046094E-03
+348.5000E-09,-153.2079150275E-03,-46.9205006994E-03
+349.0000E-09,-152.6425884003E-03,-36.8702495508E-03
+349.5000E-09,-151.7945984597E-03,-27.2125863376E-03
+350.0000E-09,-150.5383170661E-03,-16.2201241438E-03
+350.5000E-09,-149.3448497422E-03,-7.1906016275E-03
+351.0000E-09,-147.6174628260E-03,+4.2729660889E-03
+351.5000E-09,-146.1413321886E-03,+12.9099006698E-03
+352.0000E-09,-144.0684678892E-03,+23.5882925152E-03
+352.5000E-09,-141.6187191717E-03,+33.4029909026E-03
+353.0000E-09,-138.9805282452E-03,+42.8251013545E-03
+353.5000E-09,-135.9968599354E-03,+52.2472118063E-03
+354.0000E-09,-133.0131916257E-03,+61.5908046711E-03
+354.5000E-09,-129.7154529675E-03,+71.1699502971E-03
+355.0000E-09,-126.0722369262E-03,+79.8068848780E-03
+355.5000E-09,-122.5232419893E-03,+88.3653018717E-03
+356.0000E-09,-118.3146993208E-03,+97.8659299107E-03
+356.5000E-09,-114.2317847917E-03,+105.3251006851E-03
+357.0000E-09,-109.9604280535E-03,+113.6479649175E-03
+357.5000E-09,-105.1551517231E-03,+121.7352763887E-03
+358.0000E-09,-100.4126894623E-03,+129.1159295760E-03
+358.5000E-09,-95.6074131318E-03,+137.5958289827E-03
+359.0000E-09,-90.8335438362E-03,+144.1913062990E-03
+359.5000E-09,-85.6513830877E-03,+151.1008539637E-03
+360.0000E-09,-80.6576645482E-03,+158.4029895638E-03
+360.5000E-09,-74.8473631029E-03,+164.6058789447E-03
+361.0000E-09,-69.7280164241E-03,+170.4161803900E-03
+361.5000E-09,-63.9491220136E-03,+175.3627883772E-03
+362.0000E-09,-58.2958557425E-03,+181.4871601709E-03
+362.5000E-09,-52.5483683669E-03,+186.0411802226E-03
+363.0000E-09,-46.3297754687E-03,+189.4174364679E-03
+363.5000E-09,-39.7657051872E-03,+193.4218334099E-03
+364.0000E-09,-33.9239967071E-03,+197.8973358745E-03
+364.5000E-09,-27.5483686347E-03,+200.8810041843E-03
+365.0000E-09,-21.4239968410E-03,+203.0794966231E-03
+365.5000E-09,-15.2054039427E-03,+204.8854011264E-03
+366.0000E-09,-8.8925899400E-03,+206.1416825199E-03
+366.5000E-09,-2.6425900069E-03,+207.2409287393E-03
+367.0000E-09,+3.9842943442E-03,+208.2616573716E-03
+367.5000E-09,+9.8888168940E-03,+208.1831397845E-03
+368.0000E-09,+15.8247464787E-03,+208.8112804813E-03
+368.5000E-09,+22.0433393769E-03,+209.1253508297E-03
+369.0000E-09,+27.6023845435E-03,+209.0468332426E-03
+369.5000E-09,+33.6953493024E-03,+207.3979639136E-03
+370.0000E-09,+39.4742437128E-03,+206.6127880426E-03
+370.5000E-09,+45.1589170188E-03,+205.8276121716E-03
+371.0000E-09,+51.0006254989E-03,+203.8646724941E-03
+371.5000E-09,+56.4968565959E-03,+201.6661800553E-03
+372.0000E-09,+61.7418314141E-03,+199.3106524424E-03
+372.5000E-09,+67.6149469290E-03,+195.3847730875E-03
+373.0000E-09,+72.7657006427E-03,+191.5374113196E-03
+373.5000E-09,+78.0420824958E-03,+187.7685671389E-03
+374.0000E-09,+83.5383135927E-03,+184.2352757194E-03
+374.5000E-09,+88.1865547489E-03,+179.2886677322E-03
+375.0000E-09,+93.1488662536E-03,+173.2428135256E-03
+375.5000E-09,+97.7971074098E-03,+167.5895472545E-03
+376.0000E-09,+102.5081626357E-03,+161.3866578737E-03
+376.5000E-09,+106.9051475133E-03,+156.4400498865E-03
+377.0000E-09,+111.0822831469E-03,+149.6875373960E-03
+377.5000E-09,+115.2280117457E-03,+142.8565073184E-03
+378.0000E-09,+118.9968559265E-03,+135.0047486086E-03
+378.5000E-09,+122.2631875498E-03,+128.3307537052E-03
+379.0000E-09,+125.7807754518E-03,+119.8508542985E-03
+379.5000E-09,+128.8586648661E-03,+111.9990955886E-03
+380.0000E-09,+131.8737402107E-03,+103.5977137691E-03
+380.5000E-09,+134.3863029979E-03,+94.9607791882E-03
+381.0000E-09,+136.6790165411E-03,+86.5593973686E-03
+381.5000E-09,+138.8146949102E-03,+77.2943220910E-03
+382.0000E-09,+140.5106747916E-03,+68.3433171617E-03
+382.5000E-09,+141.8925843245E-03,+59.0782418841E-03
+383.0000E-09,+142.9290164742E-03,+49.3420610838E-03
+383.5000E-09,+143.6513782755E-03,+39.8414330449E-03
+384.0000E-09,+143.9654486239E-03,+30.4978401801E-03
+384.5000E-09,+144.2481119375E-03,+20.9972121412E-03
+385.0000E-09,+144.1538908330E-03,+11.7321368635E-03
+385.5000E-09,+143.9026345543E-03,+1.2107801923E-03
+386.0000E-09,+143.7141923452E-03,-8.5254006079E-03
+386.5000E-09,+142.9604235091E-03,-18.8112045179E-03
+387.0000E-09,+142.1124335684E-03,-28.3903501439E-03
+387.5000E-09,+141.2644436277E-03,-38.2050485313E-03
+388.0000E-09,+140.1337903735E-03,-47.7841941573E-03
+388.5000E-09,+138.0609260741E-03,-57.5988925447E-03
+389.0000E-09,+136.0194688096E-03,-67.4921085191E-03
+389.5000E-09,+134.0408256147E-03,-77.0712541452E-03
+390.0000E-09,+131.5596698624E-03,-86.1007766615E-03
+390.5000E-09,+128.6702226571E-03,-94.6591936553E-03
+391.0000E-09,+125.9378106261E-03,-103.9242689329E-03
+391.5000E-09,+122.4202227241E-03,-113.2678617977E-03
+392.0000E-09,+119.1852981356E-03,-121.9047963786E-03
+392.5000E-09,+115.1337906413E-03,-130.7772837207E-03
+393.0000E-09,+111.1765042515E-03,-138.3149720822E-03
+393.5000E-09,+106.8109264088E-03,-147.1874594244E-03
+394.0000E-09,+102.4453485662E-03,-155.7458764181E-03
+394.5000E-09,+97.2945948525E-03,-162.5769064957E-03
+395.0000E-09,+92.7719818356E-03,-170.6642179669E-03
+395.5000E-09,+87.8724844006E-03,-178.2019063284E-03
+396.0000E-09,+82.3448462689E-03,-184.8759012318E-03
+396.5000E-09,+77.3825347642E-03,-192.0995192449E-03
+397.0000E-09,+72.2631880854E-03,-197.8313031031E-03
+397.5000E-09,+65.9817811175E-03,-203.4845693742E-03
+398.0000E-09,+60.7053992645E-03,-210.1585642776E-03
+398.5000E-09,+55.3033892721E-03,-215.0266546777E-03
+399.0000E-09,+49.0219823042E-03,-219.1095692069E-03
+399.5000E-09,+42.8976105105E-03,-224.4487651296E-03
+400.0000E-09,+37.2129372045E-03,-229.0027851813E-03
+400.5000E-09,+31.0571583760E-03,-232.9286645363E-03
+401.0000E-09,+24.9013795474E-03,-235.7552976718E-03
+401.5000E-09,+18.6827866492E-03,-238.5819308074E-03
+402.0000E-09,+12.7782640994E-03,-240.1522825494E-03
+402.5000E-09,+6.0257516089E-03,-242.5078101623E-03
+403.0000E-09,-318.4694287E-06,-244.3922322527E-03
+403.5000E-09,-6.4742482572E-03,-246.4336895173E-03
+404.0000E-09,-12.5986200509E-03,-247.7684884980E-03
+404.5000E-09,-18.7543988795E-03,-248.6321819560E-03
+405.0000E-09,-25.4440973003E-03,-249.7314281754E-03
+405.5000E-09,-31.5684690940E-03,-249.2603226529E-03
+406.0000E-09,-37.6614338528E-03,-248.2395940206E-03
+406.5000E-09,-43.9428408207E-03,-247.0618302141E-03
+407.0000E-09,-49.9415844751E-03,-245.8840664076E-03
+407.5000E-09,-56.0345492340E-03,-245.0203729495E-03
+408.0000E-09,-62.0332928883E-03,-242.9789156850E-03
+408.5000E-09,-67.9692224730E-03,-240.0737649623E-03
+409.0000E-09,-73.2456043260E-03,-237.8752725236E-03
+409.5000E-09,-79.2443479803E-03,-234.4990162783E-03
+410.0000E-09,-84.4579157637E-03,-231.6723831428E-03
+410.5000E-09,-89.8285187213E-03,-227.9820565491E-03
+411.0000E-09,-94.7908302259E-03,-223.1139661490E-03
+411.5000E-09,-99.7531417306E-03,-219.3451219683E-03
+412.0000E-09,-104.4327899216E-03,-214.1629612198E-03
+412.5000E-09,-109.0182170082E-03,-209.2948708196E-03
+413.0000E-09,-113.3209807812E-03,-204.1912276582E-03
+413.5000E-09,-117.4981164149E-03,-197.9098206903E-03
+414.0000E-09,-121.5496239092E-03,-191.2358257869E-03
+414.5000E-09,-125.3812821596E-03,-185.1899715803E-03
+415.0000E-09,-128.8046489571E-03,-178.5944942640E-03
+415.5000E-09,-132.2594227895E-03,-169.8790420961E-03
+416.0000E-09,-135.3059051689E-03,-163.5191175411E-03
+416.5000E-09,-138.1953523741E-03,-155.1962533086E-03
+417.0000E-09,-141.1476136490E-03,-146.0882132052E-03
+417.5000E-09,-143.4403271923E-03,-138.6290424308E-03
+418.0000E-09,-145.5131914917E-03,-128.5002736951E-03
+418.5000E-09,-147.2091713731E-03,-120.8055501594E-03
+419.0000E-09,-148.5596738712E-03,-111.6189924688E-03
+419.5000E-09,-150.2556537525E-03,-101.9613292557E-03
+420.0000E-09,-151.2292718326E-03,-92.8532891522E-03
+420.5000E-09,-152.3285180519E-03,-82.1748973068E-03
+421.0000E-09,-152.8624376442E-03,-73.6164803130E-03
+421.5000E-09,-152.9252517139E-03,-62.7025357063E-03
+422.0000E-09,-152.8938446791E-03,-53.2019076674E-03
+422.5000E-09,-152.3913321216E-03,-42.8375861703E-03
+423.0000E-09,-151.7317843900E-03,-32.2377119120E-03
+423.5000E-09,-150.7267592751E-03,-22.4230135247E-03
+424.0000E-09,-149.2820356725E-03,-12.2157272018E-03
+424.5000E-09,-148.0257542790E-03,-2.3225112274E-03
+425.0000E-09,-146.2041462583E-03,+7.5707047471E-03
+425.5000E-09,-144.6337945163E-03,+18.4061317667E-03
+426.0000E-09,-142.2782669033E-03,+27.2001015218E-03
+426.5000E-09,-139.8599252207E-03,+37.4073878446E-03
+427.0000E-09,-137.0332920851E-03,+46.2013575997E-03
+427.5000E-09,-134.4893222631E-03,+56.3301263354E-03
+428.0000E-09,-131.1601765702E-03,+65.1240960905E-03
+428.5000E-09,-127.8938449469E-03,+74.7817593036E-03
+429.0000E-09,-124.3448500100E-03,+83.5757290587E-03
+429.5000E-09,-120.5760058293E-03,+92.6052515750E-03
+430.0000E-09,-116.2418350214E-03,+100.2999751107E-03
+430.5000E-09,-112.4729908407E-03,+108.8583921045E-03
+431.0000E-09,-107.8561567193E-03,+117.3382915111E-03
+431.5000E-09,-103.3021366675E-03,+125.8181909178E-03
+432.0000E-09,-98.4968603371E-03,+133.0418089309E-03
+432.5000E-09,-93.5973629021E-03,+141.1291204021E-03
+433.0000E-09,-88.6978654672E-03,+148.0386680668E-03
+433.5000E-09,-83.2330414051E-03,+153.6134167508E-03
+434.0000E-09,-77.8310314127E-03,+160.6014820026E-03
+434.5000E-09,-72.2405792113E-03,+166.6473362092E-03
+435.0000E-09,-67.0270114279E-03,+171.5939441964E-03
+435.5000E-09,-61.3737451568E-03,+177.7968335772E-03
+436.0000E-09,-55.4064085373E-03,+183.5286174354E-03
+436.5000E-09,-49.3762578481E-03,+186.3552505710E-03
+437.0000E-09,-43.0006297757E-03,+190.5952002743E-03
+437.5000E-09,-37.3787705394E-03,+193.8929389325E-03
+438.0000E-09,-31.1287706064E-03,+197.6617831132E-03
+438.5000E-09,-24.9101777082E-03,+201.5876624682E-03
+439.0000E-09,-18.4403285312E-03,+204.0217076683E-03
+439.5000E-09,-12.0647004588E-03,+206.4557528683E-03
+440.0000E-09,-6.0031427348E-03,+207.6335166748E-03
+440.5000E-09,-4.3990804E-06,+208.5757277200E-03
+441.0000E-09,+6.2770078875E-03,+208.5757277200E-03
+441.5000E-09,+12.5270078205E-03,+209.5964563523E-03
+442.0000E-09,+18.6513796142E-03,+209.2823860039E-03
+442.5000E-09,+24.8071584428E-03,+209.2823860039E-03
+443.0000E-09,+30.7430880274E-03,+208.5757277200E-03
+443.5000E-09,+36.4591683682E-03,+207.6335166748E-03
+444.0000E-09,+42.3950979529E-03,+206.7698232168E-03
+444.5000E-09,+48.2682134679E-03,+205.5135418232E-03
+445.0000E-09,+53.6702234603E-03,+204.1002252554E-03
+445.5000E-09,+59.3234897314E-03,+201.2735921199E-03
+446.0000E-09,+65.1023841419E-03,+197.8188182875E-03
+446.5000E-09,+70.0018815768E-03,+193.6573861713E-03
+447.0000E-09,+75.5609267434E-03,+189.8885419906E-03
+447.5000E-09,+80.6802734223E-03,+186.1196978098E-03
+448.0000E-09,+85.7368060314E-03,+181.2516074097E-03
+448.5000E-09,+90.7305245709E-03,+176.3835170096E-03
+449.0000E-09,+95.5043938665E-03,+172.1435673063E-03
+449.5000E-09,+100.1840420576E-03,+164.5273613577E-03
+450.0000E-09,+104.6124339700E-03,+159.1881654350E-03
+450.5000E-09,+109.0408258823E-03,+152.5141705316E-03
+451.0000E-09,+113.0295193070E-03,+145.4475876927E-03
+451.5000E-09,+116.8611775574E-03,+139.2446983119E-03
+452.0000E-09,+120.6300217381E-03,+131.5499747763E-03
+452.5000E-09,+123.6765041176E-03,+122.8345226083E-03
+453.0000E-09,+126.9742427757E-03,+115.5323870081E-03
+453.5000E-09,+129.9579110855E-03,+106.8954524273E-03
+454.0000E-09,+132.7217301513E-03,+98.8866585432E-03
+454.5000E-09,+135.2656999733E-03,+89.9356536139E-03
+455.0000E-09,+137.2129361334E-03,+80.9061310976E-03
+455.5000E-09,+138.9717300844E-03,+72.4262316909E-03
+456.0000E-09,+140.9817803141E-03,+63.1611564133E-03
+456.5000E-09,+142.4893179865E-03,+53.6605283743E-03
+457.0000E-09,+143.3373079271E-03,+44.5524882709E-03
+457.5000E-09,+143.9340415891E-03,+35.3659305803E-03
+458.0000E-09,+144.2481119375E-03,+25.0801266704E-03
+458.5000E-09,+144.3109260072E-03,+17.0713327863E-03
+459.0000E-09,+144.2795189723E-03,+5.9218354183E-03
+459.5000E-09,+144.1538908330E-03,-3.2647222723E-03
+460.0000E-09,+143.7141923452E-03,-13.7075613564E-03
+460.5000E-09,+142.9604235091E-03,-22.5800486986E-03
+461.0000E-09,+142.1752476381E-03,-32.9443701956E-03
+461.5000E-09,+140.6048958961E-03,-41.9738927120E-03
+462.0000E-09,+138.6890667709E-03,-53.0448724929E-03
+462.5000E-09,+136.7104235760E-03,-61.5247718996E-03
+463.0000E-09,+134.3234889282E-03,-72.3601989192E-03
+463.5000E-09,+132.2506246288E-03,-80.4475103904E-03
+464.0000E-09,+129.6438407372E-03,-90.8118318874E-03
+464.5000E-09,+126.5973583577E-03,-98.9776609457E-03
+465.0000E-09,+123.4252478389E-03,-108.1642186362E-03
+465.5000E-09,+120.1903232505E-03,-117.3507763268E-03
+466.0000E-09,+116.7983634878E-03,-125.6736405593E-03
+466.5000E-09,+112.5584137845E-03,-134.1535399659E-03
+467.0000E-09,+108.8837907083E-03,-142.3193690242E-03
+467.5000E-09,+104.2983636217E-03,-150.8777860180E-03
+468.0000E-09,+100.0270068835E-03,-158.4939919666E-03
+468.5000E-09,+95.3787657273E-03,-166.6598210248E-03
+469.0000E-09,+90.4478612575E-03,-174.2760269734E-03
+469.5000E-09,+85.4227356832E-03,-181.5781625736E-03
+470.0000E-09,+80.7430874921E-03,-187.2314288447E-03
+470.5000E-09,+75.2468563952E-03,-194.9261523804E-03
+471.0000E-09,+69.8134393680E-03,-200.1083131289E-03
+471.5000E-09,+64.0659519923E-03,-206.2326849226E-03
+472.0000E-09,+58.3812786864E-03,-211.6503984325E-03
+472.5000E-09,+52.7594194501E-03,-216.4399712455E-03
+473.0000E-09,+46.8548969003E-03,-221.7791671682E-03
+473.5000E-09,+40.8561532459E-03,-225.7835641103E-03
+474.0000E-09,+34.3548970342E-03,-230.0235138136E-03
+474.5000E-09,+28.2933393101E-03,-233.5568052330E-03
+475.0000E-09,+22.2003745513E-03,-237.1686142396E-03
+475.5000E-09,+15.9503746182E-03,-239.3671066784E-03
+476.0000E-09,+9.3548973019E-03,-241.1730111816E-03
+476.5000E-09,+2.9792692295E-03,-243.3715036204E-03
+477.0000E-09,-3.2079166339E-03,-245.5699960592E-03
+477.5000E-09,-9.4265095321E-03,-247.4544181495E-03
+478.0000E-09,-15.7079165000E-03,-248.3181116076E-03
+478.5000E-09,-21.8008812589E-03,-248.4751467819E-03
+479.0000E-09,-28.2393234010E-03,-248.9462523044E-03
+479.5000E-09,-34.7091725779E-03,-248.7106995432E-03
+480.0000E-09,-41.0219865806E-03,-248.0825588464E-03
+480.5000E-09,-46.9893232002E-03,-247.4544181496E-03
+481.0000E-09,-52.8624387151E-03,-245.4129608850E-03
+481.5000E-09,-58.8611823695E-03,-244.3137146656E-03
+482.0000E-09,-64.9227400935E-03,-241.8011518785E-03
+482.5000E-09,-70.7958556085E-03,-239.6811770268E-03
+483.0000E-09,-76.0722374615E-03,-237.2471318268E-03
+483.5000E-09,-81.7569107675E-03,-234.8916042138E-03
+484.0000E-09,-86.9390715160E-03,-231.8294183170E-03
+484.5000E-09,-91.9956041252E-03,-227.8250213749E-03
+485.0000E-09,-96.8636945253E-03,-223.4280364974E-03
+485.5000E-09,-101.7945989951E-03,-218.0888405747E-03
+486.0000E-09,-106.4428401514E-03,-213.0637150004E-03
+486.5000E-09,-111.0596742728E-03,-207.4104487293E-03
+487.0000E-09,-115.2996239761E-03,-202.5423583292E-03
+487.5000E-09,-119.1940962962E-03,-196.2609513613E-03
+488.0000E-09,-122.9629404770E-03,-188.5662278256E-03
+488.5000E-09,-126.6689705880E-03,-182.2848208577E-03
+489.0000E-09,-130.2493725597E-03,-175.2182380188E-03
+489.5000E-09,-133.6099252876E-03,-167.1309265477E-03
+490.0000E-09,-136.3423373186E-03,-159.2791678378E-03
+490.5000E-09,-139.5144478374E-03,-151.2703739537E-03
+491.0000E-09,-142.1840457987E-03,-142.7904745471E-03
+491.5000E-09,-144.1626889936E-03,-133.8394696178E-03
+492.0000E-09,-146.2669603279E-03,-125.4380877982E-03
+492.5000E-09,-147.9629402092E-03,-115.6233894109E-03
+493.0000E-09,-149.5018849164E-03,-106.8294196558E-03
+493.5000E-09,-150.6639452054E-03,-97.7998971395E-03
+494.0000E-09,-151.6375632855E-03,-87.4355756424E-03
+494.5000E-09,-152.3913321216E-03,-78.0919827777E-03
+495.0000E-09,-152.9880657836E-03,-68.1987668032E-03
+495.5000E-09,-152.9566587487E-03,-57.9129628933E-03
+496.0000E-09,-152.7682165397E-03,-47.9412293318E-03
+496.5000E-09,-152.2342969474E-03,-38.0480133573E-03
+497.0000E-09,-151.2606788674E-03,-27.8407270345E-03
+497.5000E-09,-150.0672115435E-03,-18.1045462342E-03
+498.0000E-09,-148.5282668364E-03,-7.5831895630E-03
+498.5000E-09,-146.8636939899E-03,+1.6818857147E-03
+499.0000E-09,-145.6702266660E-03,+12.5958303214E-03
+499.5000E-09,-143.9428397498E-03,+21.6253528378E-03
